Case,Nx,dt_h,Time_s,Time_days,AverageNumeric,AverageExact,AverageError
Nx014_dt12h,14,12,0,0,0.0232142857142857,0,0.0232142857142857
Nx014_dt12h,14,12,43200,0.5,0.0391837598993822,0.033737886294441,0.00544587360494121
Nx014_dt12h,14,12,86400,1,0.0512616359080572,0.0477125763633999,0.00354905954465735
Nx014_dt12h,14,12,129600,1.5,0.061206372420741,0.0584357332019535,0.00277063921878752
Nx014_dt12h,14,12,172800,2,0.0698132082658935,0.0674757725888821,0.00233743567701149
Nx014_dt12h,14,12,216000,2.5,0.0774958185918379,0.0754402071715284,0.00205561142030951
Nx014_dt12h,14,12,259200,3,0.0844951358144554,0.0826406064214183,0.00185452939303708
Nx014_dt12h,14,12,302400,3.5,0.0909641991701175,0.0892620568960653,0.00170214227405223
Nx014_dt12h,14,12,345600,4,0.0970068244362982,0.0954251527267996,0.00158167170949862
Nx014_dt12h,14,12,388800,4.5,0.102697070947825,0.101213658883323,0.00148341206450241
Nx014_dt12h,14,12,432000,5,0.108089887030822,0.106688564130212,0.00140132290061014
Nx014_dt12h,14,12,475200,5.5,0.113227338697284,0.111895910058335,0.00133142863894893
Nx014_dt12h,14,12,518400,6,0.118142460988601,0.116871466403907,0.00127099458469461
Nx014_dt12h,14,12,561600,6.5,0.122861750094145,0.121643678960381,0.00121807113376425
Nx014_dt12h,14,12,604800,7,0.127406838171057,0.126235611467735,0.0011712267033222
Nx014_dt12h,14,12,648000,7.5,0.13179565542164,0.130666271754609,0.00112938366703055
Nx014_dt12h,14,12,691200,8,0.136043258678449,0.134951545177763,0.00109171350068601
Nx014_dt12h,14,12,734400,8.5,0.140162436256449,0.139104868777055,0.00105756747939414
Nx014_dt12h,14,12,777600,9,0.144164158619101,0.143137729090179,0.00102642952892248
Nx014_dt12h,14,12,820800,9.5,0.148057920258672,0.147060036926046,0.000997883332625266
Nx014_dt12h,14,12,864000,10,0.151852003214444,0.150880414342728,0.000971588871715529
Nx014_dt12h,14,12,907200,10.5,0.155553683094468,0.154606417731002,0.000947265363465899
Nx014_dt12h,14,12,950400,11,0.159169392209775,0.158244713575345,0.000924678634430409
Nx014_dt12h,14,12,993600,11.5,0.162704850240566,0.161801218612052,0.00090363162851323
Nx014_dt12h,14,12,1036800,12,0.166165169990917,0.165281212820895,0.000883957170021349
Nx014_dt12h,14,12,1080000,12.5,0.169554943795746,0.168689431421065,0.000865512374681243
Nx014_dt12h,14,12,1123200,13,0.172878314733282,0.172030140450807,0.00084817428247419
Nx014_dt12h,14,12,1166400,13.5,0.176139035782643,0.175307199374272,0.000831836408371034
Nx014_dt12h,14,12,1209600,14,0.179340519327439,0.17852411333636,0.000816405991079155
Nx014_dt12h,14,12,1252800,14.5,0.182485878861052,0.181684077082444,0.000801801778608113
Nx014_dt12h,14,12,1296000,15,0.185577964342025,0.184790012110969,0.0007879522310556
Nx014_dt12h,14,12,1339200,15.5,0.188619392340476,0.187844598289605,0.00077479405087072
Nx014_dt12h,14,12,1382400,16,0.191612571881879,0.190850300909323,0.000762270972556045
Nx014_dt12h,14,12,1425600,16.5,0.194559726713971,0.193809393954274,0.000750332759697103
Nx014_dt12h,14,12,1468800,17,0.19746291458222,0.196723980213173,0.000738934369046429
Nx014_dt12h,14,12,1512000,17.5,0.200324043989421,0.199596008739186,0.000728035250235043
Nx014_dt12h,14,12,1555200,18,0.203144888828253,0.202427290071863,0.000717598756390214
Nx014_dt12h,14,12,1598400,18.5,0.205927101206669,0.205219509560641,0.000707591646028433
Nx014_dt12h,14,12,1641600,19,0.208672222730785,0.207974239070265,0.000697983660519402
Nx014_dt12h,14,12,1684800,19.5,0.211381694465477,0.210692947301027,0.000688747164450138
Nx014_dt12h,14,12,1728000,20,0.214056865756813,0.213377008918223,0.000679856838590009
Nx014_dt3h,14,3,0,0,0.0232142857142857,0,0.0232142857142857
Nx014_dt3h,14,3,10800,0.125,0.0283767204947347,0.0168689431472203,0.0115077773475144
Nx014_dt3h,14,3,21600,0.25,0.0328754770730784,0.0238562881817001,0.00901918889137831
Nx014_dt3h,14,3,32400,0.375,0.0368878629800814,0.0292178666009767,0.00766999637910474
Nx014_dt3h,14,3,43200,0.5,0.0405310672791789,0.033737886294441,0.00679318098473787
Nx014_dt3h,14,3,54000,0.625,0.0438851618747402,0.037720103585764,0.00616505828897618
Nx014_dt3h,14,3,64800,0.75,0.0470066342377052,0.0413203032107092,0.00568633102699603
Nx014_dt3h,14,3,75600,0.875,0.0499365455195604,0.0446310284480327,0.00530551707152772
Nx014_dt3h,14,3,86400,1,0.0527055744310237,0.0477125763633999,0.00499299806762384
Nx014_dt3h,14,3,97200,1.125,0.0553372169433929,0.0506068294416615,0.00473038750173149
Nx014_dt3h,14,3,108000,1.25,0.0578498689096743,0.0533442820651057,0.00450558684456853
Nx014_dt3h,14,3,118800,1.375,0.0602582161663956,0.0559479550291673,0.00431026113722829
Nx014_dt3h,14,3,129600,1.5,0.062574185177579,0.0584357332019535,0.0041384519756255
Nx014_dt3h,14,3,140400,1.625,0.0648076082828957,0.0608218394801903,0.00398576880270534
Nx014_dt3h,14,3,151200,1.75,0.066966699371917,0.0631178057338672,0.00384889363804977
Nx014_dt3h,14,3,162000,1.875,0.0690584008703246,0.0653331358773047,0.00372526499301985
Nx014_dt3h,14,3,172800,2,0.0710886415479488,0.0674757725888821,0.00361286895906679
Nx014_dt3h,14,3,183600,2.125,0.0730625313168997,0.0695524343885293,0.00351009692837038
Nx014_dt3h,14,3,194400,2.25,0.0749845106954623,0.0715688645450997,0.00341564615036258
Nx014_dt3h,14,3,205200,2.375,0.0768584671022507,0.0735300184630672,0.00332844863918355
Nx014_dt3h,14,3,216000,2.5,0.0786878265012661,0.0754402071715284,0.00324761932973772
Nx014_dt3h,14,3,226800,2.625,0.0804756264657161,0.0773032088660445,0.00317241759967163
Nx014_dt3h,14,3,237600,2.75,0.0822245750489818,0.0791223567892884,0.00310221825969338
Nx014_dt3h,14,3,248400,2.875,0.0839370986824274,0.0809006093104102,0.00303648937201723
Nx014_dt3h,14,3,259200,3,0.0856153814940416,0.0826406064214183,0.00297477507262323
Nx014_dt3h,14,3,270000,3.125,0.0872613978501302,0.0843447157361024,0.00291668211402786
Nx014_dt3h,14,3,280800,3.25,0.0888769394924806,0.0860150702813647,0.00286186921111595
Nx014_dt3h,14,3,291600,3.375,0.0904636383273276,0.0876535998029302,0.00281003852439746
Nx014_dt3h,14,3,302400,3.5,0.0920229856872761,0.0892620568960653,0.00276092879121077
Nx014_dt3h,14,3,313200,3.625,0.0935563487104311,0.0908420389699645,0.00271430974046658
Nx014_dt3h,14,3,324000,3.75,0.095064984346574,0.0923950068300487,0.00266997751652533
Nx014_dt3h,14,3,334800,3.875,0.0965500513971007,0.0939223004936998,0.00262775090340085
Nx014_dt3h,14,3,345600,4,0.0980126209156311,0.0954251527267996,0.00258746818883149
Nx014_dt3h,14,3,356400,4.125,0.0994536852339043,0.0969047006900964,0.00254898454380791
Nx014_dt3h,14,3,367200,4.25,0.100874165828577,0.098361996008323,0.00251216982025364
Nx014_dt3h,14,3,378000,4.375,0.102274920205705,0.0997980135155282,0.00247690669017661
Nx014_dt3h,14,3,388800,4.5,0.103656747948716,0.101213658883323,0.00244308906539305
Nx014_dt3h,14,3,399600,4.625,0.105020396050775,0.102609775301644,0.0024106207491315
Nx014_dt3h,14,3,410400,4.75,0.106366563632344,0.103987149352014,0.00237941428033046
Nx014_dt3h,14,3,421200,4.875,0.107695906128378,0.105346516189488,0.00234938993888978
Nx014_dt3h,14,3,432000,5,0.109009039016235,0.106688564130212,0.00232047488602302
Nx014_dt3h,14,3,442800,5.125,0.110306541144388,0.108013938725844,0.00229260241854382
Nx014_dt3h,14,3,453600,5.25,0.111588957712964,0.10932324639332,0.00226571131964341
Nx014_dt3h,14,3,464400,5.375,0.112856802949587,0.110617057657844,0.00223974529174321
Nx014_dt3h,14,3,475200,5.5,0.114110562517762,0.111895910058335,0.00221465245942704
Nx014_dt3h,14,3,486000,5.625,0.115350695689731,0.113160310757293,0.00219038493243821
Nx014_dt3h,14,3,496800,5.75,0.116577637311378,0.114410738891029,0.00216689842034899
Nx014_dt3h,14,3,507600,5.875,0.117791799582971,0.115647647691146,0.00214415189182507
Nx014_dt3h,14,3,518400,6,0.118993573676422,0.116871466403907,0.00212210727251502
Nx014_dt3h,14,3,529200,6.125,0.120183331207031,0.118082602030543,0.00210072917648745
Nx014_dt3h,14,3,540000,6.25,0.121361425575403,0.119281440908499,0.00207998466690332
Nx014_dt3h,14,3,550800,6.375,0.122528193193263,0.120468350151034,0.00205984304222986
Nx014_dt3h,14,3,561600,6.5,0.12368395460522,0.121643678960381,0.00204027564483923
Nx014_dt3h,14,3,572400,6.625,0.124829015517059,0.122807759827791,0.00202125568926814
Nx014_dt3h,14,3,583200,6.75,0.125963667739927,0.123960909632128,0.00200275810779967
Nx014_dt3h,14,3,594000,6.875,0.127088190058654,0.125103430647319,0.00198475941133439
Nx014_dt3h,14,3,604800,7,0.128202849031531,0.126235611467735,0.00196723756379635
Nx014_dt3h,14,3,615600,7.125,0.129307899728052,0.12735772785951,0.00195017186854188
Nx014_dt3h,14,3,626400,7.25,0.13040358641039,0.128470043544949,0.00193354286544054
Nx014_dt3h,14,3,637200,7.375,0.131490143163771,0.12957281092631,0.00191733223746079
Nx014_dt3h,14,3,648000,7.5,0.132567794480351,0.130666271754609,0.00190152272574184
Nx014_dt3h,14,3,658800,7.625,0.13363675580072,0.131750657748466,0.00188609805225334
Nx014_dt3h,14,3,669600,7.75,0.134697234016727,0.132826191167472,0.00187104284925566
Nx014_dt3h,14,3,680400,7.875,0.135749427938962,0.133893085344098,0.0018563425948647
Nx014_dt3h,14,3,691200,8,0.136793528731869,0.134951545177763,0.00184198355410578
Nx014_dt3h,14,3,702000,8.125,0.137829720319198,0.136001767594285,0.00182795272491262
Nx014_dt3h,14,3,712800,8.25,0.138858179762228,0.137043941973638,0.00181423778859022
Nx014_dt3h,14,3,723600,8.375,0.139879077612965,0.138078250548657,0.00180082706430726
Nx014_dt3h,14,3,734400,8.5,0.140892578244297,0.139104868777055,0.00178770946724269
Nx014_dt3h,14,3,745200,8.625,0.141898840158943,0.140123965688904,0.0017748744700386
Nx014_dt3h,14,3,756000,8.75,0.142898016278802,0.141135704211544,0.00176231206725788
Nx014_dt3h,14,3,766800,8.875,0.143890254216239,0.142140241473663,0.00175001274257575
Nx014_dt3h,14,3,777600,9,0.144875696528633,0.143137729090179,0.00173796743845361
Nx014_dt3h,14,3,788400,9.125,0.145854480957455,0.144128313429371,0.00172616752808477
Nx014_dt3h,14,3,799200,9.25,0.146826740653003,0.145112135863597,0.0017146047894056
Nx014_dt3h,14,3,810000,9.375,0.147792604385822,0.146089333004822,0.00170327138099979
Nx014_dt3h,14,3,820800,9.5,0.148752196745779,0.147060036926046,0.00169215981973314
Nx014_dt3h,14,3,831600,9.625,0.149705638329653,0.148024375369678,0.00168126295997459
Nx014_dt3h,14,3,842400,9.75,0.150653045918028,0.148982471943758,0.00167057397426967
Nx014_dt3h,14,3,853200,9.875,0.151594532642253,0.1499344463069,0.00166008633535286
Nx014_dt3h,14,3,864000,10,0.152530208142113,0.150880414342728,0.00164979379938471
Nx014_dt3h,14,3,874800,10.125,0.153460178714858,0.151820488324536,0.00163969039032172
Nx014_dt3h,14,3,885600,10.25,0.154384547456144,0.152754777070819,0.00162977038532516
Nx014_dt3h,14,3,896400,10.375,0.155303414393431,0.153683386092299,0.00162002830113123
Nx014_dt3h,14,3,907200,10.5,0.15621687661231,0.154606417731002,0.00161045888130792
Nx014_dt3h,14,3,918000,10.625,0.157125028376234,0.155523971291905,0.00160105708432914
Nx014_dt3h,14,3,928800,10.75,0.158027961240041,0.156436143167632,0.0015918180724088
Nx014_dt3h,14,3,939600,10.875,0.158925764157681,0.157343026956647,0.00158273720103419
Nx014_dt3h,14,3,950400,11,0.159818523584495,0.158244713575345,0.00157381000915044
Nx014_dt3h,14,3,961200,11.125,0.160706323574379,0.159141291364432,0.00156503220994722
Nx014_dt3h,14,3,972000,11.25,0.161589245872141,0.160032846189937,0.00155639968220406
Nx014_dt3h,14,3,982800,11.375,0.162467370001345,0.160919461539187,0.00154790846215769
Nx014_dt3h,14,3,993600,11.5,0.163340773347903,0.161801218612052,0.00153955473585043
Nx014_dt3h,14,3,1004400,11.625,0.164209531239662,0.162678196407733,0.00153133483192916
Nx014_dt3h,14,3,1015200,11.75,0.165073717022225,0.163550471807362,0.00152324521486277
Nx014_dt3h,14,3,1026000,11.875,0.165933402131216,0.164418119652665,0.00151528247855093
Nx014_dt3h,14,3,1036800,12,0.16678865616119,0.165281212820895,0.00150744334029515
Nx014_dt3h,14,3,1047600,12.125,0.167639546931386,0.166139822296275,0.00149972463511136
Nx014_dt3h,14,3,1058400,12.25,0.16848614054848,0.166994017238121,0.00149212331035911
Nx014_dt3h,14,3,1069200,12.375,0.169328501466522,0.167843865045855,0.0014846364206669
Nx014_dt3h,14,3,1080000,12.5,0.1701666925442,0.168689431421065,0.00147726112313584
Nx014_dt3h,14,3,1090800,12.625,0.171000775099577,0.169530780426774,0.00146999467280326
Nx014_dt3h,14,3,1101600,12.75,0.171830808962433,0.170367974544084,0.00146283441834885
Nx014_dt3h,14,3,1112400,12.875,0.172656852524348,0.171201074726319,0.0014557777980283
Nx014_dt3h,14,3,1123200,13,0.173478962786631,0.172030140450807,0.00144882233582364
Nx014_dt3h,14,3,1134000,13.125,0.17429719540622,0.172855229768431,0.0014419656377892
Nx014_dt3h,14,3,1144800,13.25,0.175111604739647,0.173676399351055,0.00143520538859213
Nx014_dt3h,14,3,1155600,13.375,0.175922243885167,0.174493704536943,0.00142853934822465
Nx014_dt3h,14,3,1166400,13.5,0.176729164723158,0.175307199374272,0.00142196534888595
Nx014_dt3h,14,3,1177200,13.625,0.177532417954855,0.176116936662836,0.00141548129201885
Nx014_dt3h,14,3,1188000,13.75,0.178332053139518,0.176922967994023,0.00140908514549556
Nx014_dt3h,14,3,1198800,13.875,0.179128118730111,0.17772534378917,0.0014027749409406
Nx014_dt3h,14,3,1209600,14,0.179920662107545,0.17852411333636,0.00139654877118506
Nx014_dt3h,14,3,1220400,14.125,0.180709729613585,0.179319324825741,0.00139040478784394
Nx014_dt3h,14,3,1231200,14.25,0.181495366582454,0.180111025383444,0.00138434119901051
Nx014_dt3h,14,3,1242000,14.375,0.182277617371219,0.180899261104158,0.00137835626706007
Nx014_dt3h,14,3,1252800,14.5,0.183056525388999,0.181684077082444,0.00137244830655575
Nx014_dt3h,14,3,1263600,14.625,0.18383213312507,0.182465517442816,0.00136661568225455
Nx014_dt3h,14,3,1274400,14.75,0.184604482175889,0.183243625368684,0.00136085680720463
Nx014_dt3h,14,3,1285200,14.875,0.185373613271117,0.184018443130187,0.00135517014092973
Nx014_dt3h,14,3,1296000,15,0.186139566298667,0.184790012110969,0.00134955418769733
Nx014_dt3h,14,3,1306800,15.125,0.186902380328826,0.185558372833961,0.00134400749486413
Nx014_dt3h,14,3,1317600,15.25,0.187662093637494,0.186323564986198,0.00133852865129652
Nx014_dt3h,14,3,1328400,15.375,0.18841874372858,0.18708562744272,0.00133311628586039
Nx014_dt3h,14,3,1339200,15.5,0.189172367355584,0.187844598289605,0.00132776906597837
Nx014_dt3h,14,3,1350000,15.625,0.189923000542411,0.188600514846161,0.00132248569624996
Nx014_dt3h,14,3,1360800,15.75,0.190670678603449,0.189353413686319,0.00131726491713033
Nx014_dt3h,14,3,1371600,15.875,0.19141543616293,0.190103330659262,0.00131210550366806
Nx014_dt3h,14,3,1382400,16,0.192157307173619,0.190850300909323,0.00130700626429547
Nx014_dt3h,14,3,1393200,16.125,0.192896324934858,0.191594358895187,0.00130196603967014
Nx014_dt3h,14,3,1404000,16.25,0.193632522109979,0.192335538408414,0.00129698370156542
Nx014_dt3h,14,3,1414800,16.375,0.194365930743132,0.193073872591325,0.00129205815180741
Nx014_dt3h,14,3,1425600,16.5,0.19509658227553,0.193809393954274,0.00128718832125524
Nx014_dt3h,14,3,1436400,16.625,0.195824507561155,0.194542134392331,0.00128237316882393
Nx014_dt3h,14,3,1447200,16.75,0.196549736881938,0.195272125201391,0.00127761168054663
Nx014_dt3h,14,3,1458000,16.875,0.197272299962429,0.195999397093754,0.00127290286867532
Nx014_dt3h,14,3,1468800,17,0.197992225983989,0.196723980213173,0.001268245770816
Nx014_dt3h,14,3,1479600,17.125,0.198709543598514,0.197445904149413,0.00126363944910077
Nx014_dt3h,14,3,1490400,17.25,0.19942428094171,0.198165197952319,0.0012590829893907
Nx014_dt3h,14,3,1501200,17.375,0.200136465645949,0.198881890145438,0.00125457550051086
Nx014_dt3h,14,3,1512000,17.5,0.2008461248527,0.199596008739186,0.00125011611351461
Nx014_dt3h,14,3,1522800,17.625,0.201553285224574,0.200307581243597,0.0012457039809767
Nx014_dt3h,14,3,1533600,17.75,0.202257972956982,0.201016634680668,0.00124133827631381
Nx014_dt3h,14,3,1544400,17.875,0.202960213789427,0.201723195596297,0.0012370181931301
Nx014_dt3h,14,3,1555200,18,0.203660033016451,0.202427290071863,0.00123274294458806
Nx014_dt3h,14,3,1566000,18.125,0.204357455498229,0.203128943735425,0.00122851176280372
Nx014_dt3h,14,3,1576800,18.25,0.205052505670849,0.203828181772588,0.00122432389826188
Nx014_dt3h,14,3,1587600,18.375,0.205745207556273,0.204525028937016,0.00122017861925755
Nx014_dt3h,14,3,1598400,18.5,0.206435584771993,0.205219509560641,0.0012160752113522
Nx014_dt3h,14,3,1609200,18.625,0.207123660540396,0.205911647563541,0.00121201297685511
Nx014_dt3h,14,3,1620000,18.75,0.207809457697854,0.206601466463534,0.00120799123432019
Nx014_dt3h,14,3,1630800,18.875,0.208492998703534,0.207288989385472,0.00120400931806186
Nx014_dt3h,14,3,1641600,19,0.209174305647955,0.207974239070265,0.00120006657768937
Nx014_dt3h,14,3,1652400,19.125,0.209853400261285,0.208657237883629,0.00119616237765632
Nx014_dt3h,14,3,1663200,19.25,0.210530303921405,0.209338007824579,0.00119229609682581
Nx014_dt3h,14,3,1674000,19.375,0.211205037661729,0.210016570533676,0.00118846712805296
Nx014_dt3h,14,3,1684800,19.5,0.211877622178807,0.210692947301027,0.00118467487777946
Nx014_dt3h,14,3,1695600,19.625,0.212548077839702,0.211367159074058,0.00118091876564391
Nx014_dt3h,14,3,1706400,19.75,0.213216424689162,0.212039226465057,0.00117719822410495
Nx014_dt3h,14,3,1717200,19.875,0.213882682456589,0.212709169758511,0.00117351269807706
Nx014_dt3h,14,3,1728000,20,0.214546870562803,0.213377008918223,0.00116986164457974
Nx014_dt0p25h,14,0.25,0,0,0.0232142857142857,0,0.0232142857142857
Nx014_dt0p25h,14,0.25,900,0.0104166666666667,0.0237136723835893,0.00486964443349615,0.0188440279500931
Nx014_dt0p25h,14,0.25,1800,0.0208333333333333,0.0242042032567608,0.00688671720178548,0.0173174860549753
Nx014_dt0p25h,14,0.25,2700,0.03125,0.0246862433556645,0.00843447157360994,0.0162517717820546
Nx014_dt0p25h,14,0.25,3600,0.0416666666666667,0.0251601377721423,0.00973928886699215,0.0154208489051501
Nx014_dt0p25h,14,0.25,4500,0.0520833333333333,0.0256262129202455,0.0108888559795509,0.0147373569406946
Nx014_dt0p25h,14,0.25,5400,0.0625,0.0260847777029338,0.0119281440908502,0.0141566336120836
Nx014_dt0p25h,14,0.25,6300,0.0729166666666667,0.026536124599413,0.0128838681443408,0.0136522564550721
Nx014_dt0p25h,14,0.25,7200,0.0833333333333333,0.0269805306788234,0.01377343440357,0.0132070962752534
Nx014_dt0p25h,14,0.25,8100,0.09375,0.027418258545561,0.0146089333004883,0.0128093252450727
Nx014_dt0p25h,14,0.25,9000,0.104166666666667,0.0278495572211192,0.0153991678050081,0.0124503894161111
Nx014_dt0p25h,14,0.25,9900,0.114583333333333,0.0282746629669754,0.0161507834483493,0.0121238795186261
Nx014_dt0p25h,14,0.25,10800,0.125,0.0286938000527103,0.0168689431472203,0.01182485690549
Nx014_dt0p25h,14,0.25,11700,0.135416666666667,0.0291071814732369,0.0175577526982482,0.0115494287749887
Nx014_dt0p25h,14,0.25,12600,0.145833333333333,0.0295150096187301,0.018220541065553,0.0112944685531771
Nx014_dt0p25h,14,0.25,13500,0.15625,0.0299174769005825,0.0188600517928823,0.0110574251077002
Nx014_dt0p25h,14,0.25,14400,0.166666666666667,0.0303147663364679,0.0194785777339844,0.0108361886024835
Nx014_dt0p25h,14,0.25,15300,0.177083333333333,0.0307070520973675,0.0200780583585059,0.0106289937388616
Nx014_dt0p25h,14,0.25,16200,0.1875,0.0310945000192047,0.0206601516053546,0.0104343484138501
Nx014_dt0p25h,14,0.25,17100,0.197916666666667,0.0314772680815431,0.0212262879765851,0.0102509801049579
Nx014_dt0p25h,14,0.25,18000,0.208333333333333,0.0318555068556205,0.0217777119591018,0.0100777948965188
Nx014_dt0p25h,14,0.25,18900,0.21875,0.0322293599238309,0.0223155142240162,0.00991384569981471
Nx014_dt0p25h,14,0.25,19800,0.229166666666667,0.0325989642726094,0.0228406569956066,0.00975830727700279
Nx014_dt0p25h,14,0.25,20700,0.239583333333333,0.0329644506605379,0.0233539942814851,0.00961045637905285
Nx014_dt0p25h,14,0.25,21600,0.25,0.033325943963356,0.0238562881817001,0.00946965578165596
Nx014_dt0p25h,14,0.25,22500,0.260416666666667,0.0336835634974419,0.0243482221674805,0.0093353413299614
Nx014_dt0p25h,14,0.25,23400,0.270833333333333,0.0340374233232159,0.0248304119906552,0.00920701133256075
Nx014_dt0p25h,14,0.25,24300,0.28125,0.0343876325298163,0.0253034147208308,0.00908421780898542
Nx014_dt0p25h,14,0.25,25200,0.291666666666667,0.0347342955022999,0.0257677362886813,0.00896655921361865
Nx014_dt0p25h,14,0.25,26100,0.302083333333333,0.0350775121725339,0.0262238378265218,0.00885367434601208
Nx014_dt0p25h,14,0.25,27000,0.3125,0.0354173782548583,0.0266721410325531,0.00874523722230524
Nx014_dt0p25h,14,0.25,27900,0.322916666666667,0.0357539854675289,0.0271130327364733,0.00864095273105561
Nx014_dt0p25h,14,0.25,28800,0.333333333333333,0.0360874217408733,0.0275468688071392,0.00854055293373413
Nx014_dt0p25h,14,0.25,29700,0.34375,0.0364177714130327,0.0279739775145833,0.00844379389844939
Nx014_dt0p25h,14,0.25,30600,0.354166666666667,0.0367451154140974,0.0283946624367171,0.00835045297738032
Nx014_dt0p25h,14,0.25,31500,0.364583333333333,0.0370695314393907,0.02880920498389,0.00826032645550073
Nx014_dt0p25h,14,0.25,32400,0.375,0.037391094112602,0.0292178666009767,0.0081732275116253
Nx014_dt0p25h,14,0.25,33300,0.385416666666667,0.0377098751394219,0.0296208906959455,0.00808898444347638
Nx014_dt0p25h,14,0.25,34200,0.395833333333333,0.0380259434522889,0.0300185043353234,0.00800743911696553
Nx014_dt0p25h,14,0.25,35100,0.40625,0.0383393653468118,0.0304109197400953,0.00792844560671657
Nx014_dt0p25h,14,0.25,36000,0.416666666666667,0.0386502046103981,0.0307983356100163,0.00785186900038179
Nx014_dt0p25h,14,0.25,36900,0.427083333333333,0.0389585226435792,0.031180938299799,0.00777758434378023
Nx014_dt0p25h,14,0.25,37800,0.4375,0.0392643785744912,0.0315589028669335,0.00770547570755765
Nx014_dt0p25h,14,0.25,38700,0.447916666666667,0.0395678293669398,0.0319323940078602,0.00763543535907964
Nx014_dt0p25h,14,0.25,39600,0.458333333333333,0.0398689299224477,0.0323015668966989,0.00756736302574889
Nx014_dt0p25h,14,0.25,40500,0.46875,0.0401677331766571,0.0326665679386522,0.00750116523800493
Nx014_dt0p25h,14,0.25,41400,0.479166666666667,0.0404642901904347,0.0330275354484598,0.00743675474197494
Nx014_dt0p25h,14,0.25,42300,0.489583333333333,0.0407586502360045,0.0333846002628152,0.00737404997318926
Nx014_dt0p25h,14,0.25,43200,0.5,0.0410508608784102,0.033737886294441,0.00731297458396921
Nx014_dt0p25h,14,0.25,44100,0.510416666666667,0.0413409680525913,0.0340875110344729,0.00725345701811838
Nx014_dt0p25h,14,0.25,45000,0.520833333333333,0.0416290161363368,0.0344335860089244,0.00719543012741247
Nx014_dt0p25h,14,0.25,45900,0.53125,0.0419150480193642,0.0347762171942646,0.00713883082509962
Nx014_dt0p25h,14,0.25,46800,0.541666666666667,0.0421991051687544,0.0351155053964961,0.00708359977225829
Nx014_dt0p25h,14,0.25,47700,0.552083333333333,0.0424812276909595,0.0354515465975751,0.00702968109338442
Nx014_dt0p25h,14,0.25,48600,0.5625,0.042761454390585,0.0357844322725498,0.00697702211803516
Nx014_dt0p25h,14,0.25,49500,0.572916666666667,0.0430398228261359,0.0361142496803878,0.00692557314574803
Nx014_dt0p25h,14,0.25,50400,0.583333333333333,0.0433163693629042,0.0364410821311066,0.00687528723179759
Nx014_dt0p25h,14,0.25,51300,0.59375,0.0435911292231635,0.0367650092315337,0.00682611999162979
Nx014_dt0p25h,14,0.25,52200,0.604166666666667,0.0438641365338253,0.0370861071117398,0.00677802942208551
Nx014_dt0p25h,14,0.25,53100,0.614583333333333,0.0441354243717044,0.0374044486339806,0.00673097573772383
Nx014_dt0p25h,14,0.25,54000,0.625,0.044405024806528,0.037720103585764,0.00668492122076392
Nx014_dt0p25h,14,0.25,54900,0.635416666666667,0.0446729689418171,0.0380331388584937,0.00663983008332341
Nx014_dt0p25h,14,0.25,55800,0.645833333333333,0.0449392869537612,0.0383436186129861,0.00659566834077504
Nx014_dt0p25h,14,0.25,56700,0.65625,0.0452040081281962,0.0386516044330223,0.00655240369517392
Nx014_dt0p25h,14,0.25,57600,0.666666666666667,0.0454671608957947,0.0389571554679689,0.00651000542782576
Nx014_dt0p25h,14,0.25,58500,0.677083333333333,0.0457287728655642,0.0392603285654132,0.0064684443001511
Nx014_dt0p25h,14,0.25,59400,0.6875,0.0459888708567492,0.039561178394644,0.00642769246210522
Nx014_dt0p25h,14,0.25,60300,0.697916666666667,0.0462474809292222,0.0398597575617507,0.0063877233674715
Nx014_dt0p25h,14,0.25,61200,0.708333333333333,0.0465046284124482,0.0401561167170113,0.00634851169543691
Nx014_dt0p25h,14,0.25,62100,0.71875,0.0467603379330975,0.040450304655205,0.00631003327789259
Nx014_dt0p25h,14,0.25,63000,0.729166666666667,0.0470146334413812,0.0407423684094038,0.00627226503197739
Nx014_dt0p25h,14,0.25,63900,0.739583333333333,0.0472675382361762,0.0410323533387527,0.00623518489742348
Nx014_dt0p25h,14,0.25,64800,0.75,0.0475190749890054,0.0413203032107092,0.00619877177829618
Nx014_dt0p25h,14,0.25,65700,0.760416666666667,0.0477692657669322,0.0416062602781554,0.0061630054887768
Nx014_dt0p25h,14,0.25,66600,0.770833333333333,0.0480181320544271,0.0418902653517772,0.00612786670264984
Nx014_dt0p25h,14,0.25,67500,0.78125,0.0482656947742589,0.0421723578680511,0.00609333690620779
Nx014_dt0p25h,14,0.25,68400,0.791666666666667,0.0485119743074626,0.04245257595317,0.0060593983542926
Nx014_dt0p25h,14,0.25,69300,0.802083333333333,0.0487569905124298,0.0427309564831908,0.00602603402923901
Nx014_dt0p25h,14,0.25,70200,0.8125,0.0490007627431674,0.0430075351406825,0.00599322760248489
Nx014_dt0p25h,14,0.25,71100,0.822916666666667,0.0492433098667667,0.0432823464681121,0.00596096339865455
Nx014_dt0p25h,14,0.25,72000,0.833333333333333,0.0494846502801224,0.043555423918203,0.0059292263619194
Nx014_dt0p25h,14,0.25,72900,0.84375,0.0497248019259398,0.0438267999014652,0.00589800202447466
Nx014_dt0p25h,14,0.25,73800,0.854166666666667,0.0499637823080647,0.0440965058310943,0.0058672764769704
Nx014_dt0p25h,14,0.25,74700,0.864583333333333,0.0502016085061701,0.0443645721654162,0.00583703634075389
Nx014_dt0p25h,14,0.25,75600,0.875,0.0504382971898317,0.0446310284480327,0.00580726874179897
Nx014_dt0p25h,14,0.25,76500,0.885416666666667,0.0506738646320208,0.0448959033458263,0.00577796128619452
Nx014_dt0p25h,14,0.25,77400,0.895833333333333,0.0509083267220449,0.0451592246849574,0.00574910203708746
Nx014_dt0p25h,14,0.25,78300,0.90625,0.0511416989779596,0.0454210194849823,0.00572067949297732
Nx014_dt0p25h,14,0.25,79200,0.916666666666667,0.0513739965584809,0.0456813139912134,0.00569268256726751
Nx014_dt0p25h,14,0.25,80100,0.927083333333333,0.0516052342744181,0.045940133705427,0.00566510056899114
Nx014_dt0p25h,14,0.25,81000,0.9375,0.0518354265996525,0.0461975034150242,0.00563792318462829
Nx014_dt0p25h,14,0.25,81900,0.947916666666667,0.052064587681682,0.0464534472207375,0.00561114046094451
Nx014_dt0p25h,14,0.25,82800,0.958333333333333,0.0522927313517523,0.0467079885629699,0.00558474278878242
Nx014_dt0p25h,14,0.25,83700,0.96875,0.0525198711345932,0.04696115024685,0.00555872088774326
Nx014_dt0p25h,14,0.25,84600,0.979166666666667,0.0527460202577795,0.0472129544660776,0.00553306579170194
Nx014_dt0p25h,14,0.25,85500,0.989583333333333,0.0529711916607321,0.0474634228256305,0.00550776883510166
Nx014_dt0p25h,14,0.25,86400,1,0.0531953980033771,0.0477125763633999,0.00548282163997729
Nx014_dt0p25h,14,0.25,87300,1.01041666666667,0.0534186516744772,0.0479604355708115,0.00545821610366572
Nx014_dt0p25h,14,0.25,88200,1.02083333333333,0.0536409647996506,0.0482070204124943,0.00543394438715634
Nx014_dt0p25h,14,0.25,89100,1.03125,0.0538623492490916,0.0484523503450484,0.00540999890404323
Nx014_dt0p25h,14,0.25,90000,1.04166666666667,0.0540828166450056,0.0486964443349614,0.00538637231004422
Nx014_dt0p25h,14,0.25,90900,1.05208333333333,0.054302378368771,0.0489393208757198,0.00536305749305117
Nx014_dt0p25h,14,0.25,91800,1.0625,0.0545210455678406,0.0491809980041616,0.00534004756367896
Nx014_dt0p25h,14,0.25,92700,1.07291666666667,0.0547388291623932,0.0494214933161072,0.00531733584628607
Nx014_dt0p25h,14,0.25,93600,1.08333333333333,0.0549557398517465,0.0496608239813106,0.00529491587043589
Nx014_dt0p25h,14,0.25,94500,1.09375,0.0551717881205407,0.0498990067577639,0.00527278136277682
Nx014_dt0p25h,14,0.25,95400,1.10416666666667,0.0553869842447046,0.0501360580053923,0.00525092623931232
Nx014_dt0p25h,14,0.25,96300,1.11458333333333,0.0556013382972105,0.0503719936991652,0.00522934459804529
Nx014_dt0p25h,14,0.25,97200,1.125,0.0558148601536292,0.0506068294416615,0.00520803071196776
Nx014_dt0p25h,14,0.25,98100,1.13541666666667,0.0560275594974927,0.0508405804751097,0.00518697902238302
Nx014_dt0p25h,14,0.25,99000,1.14583333333333,0.0562394458254716,0.0510732616929325,0.00516618413253906
Nx014_dt0p25h,14,0.25,99900,1.15625,0.0564505284523762,0.051304887650822,0.00514564080155418
Nx014_dt0p25h,14,0.25,100800,1.16666666666667,0.056660816515988,0.0515354725773629,0.00512534393862506
Nx014_dt0p25h,14,0.25,101700,1.17708333333333,0.0568703189817282,0.0517650303842356,0.00510528859749258
Nx014_dt0p25h,14,0.25,102600,1.1875,0.0570790446471703,0.0519935746760069,0.00508546997116344
Nx014_dt0p25h,14,0.25,103500,1.19791666666667,0.0572870021464024,0.0522211187595418,0.00506588338686064
Nx014_dt0p25h,14,0.25,104400,1.20833333333333,0.0574941999542459,0.0524476756530435,0.00504652430120243
Nx014_dt0p25h,14,0.25,105300,1.21875,0.0577006463903358,0.0526732580947443,0.00502738829559151
Nx014_dt0p25h,14,0.25,106200,1.22916666666667,0.0579063496230686,0.0528978785512635,0.00500847107180504
Nx014_dt0p25h,14,0.25,107100,1.23958333333333,0.0581113176734219,0.0531215492256475,0.00498976844777436
Nx014_dt0p25h,14,0.25,108000,1.25,0.058315558418652,0.0533442820651057,0.0049712763535463
Nx014_dt0p25h,14,0.25,108900,1.26041666666667,0.0585190795958735,0.0535660887684572,0.00495299082741637
Nx014_dt0p25h,14,0.25,109800,1.27083333333333,0.0587218888055251,0.053786980793301,0.00493490801222404
Nx014_dt0p25h,14,0.25,110700,1.28125,0.0589239935147267,0.0540069693629222,0.00491702415180447
Nx014_dt0p25h,14,0.25,111600,1.29166666666667,0.0591254010605318,0.0542260654729466,0.00489933558758521
Nx014_dt0p25h,14,0.25,112500,1.30208333333333,0.0593261186530783,0.054444279897754,0.00488183875532437
Nx014_dt0p25h,14,0.25,113400,1.3125,0.059526153378643,0.05466162319666,0.00486453018198292
Nx014_dt0p25h,14,0.25,114300,1.32291666666667,0.0597255122026012,0.0548781057198799,0.00484740648272121
Nx014_dt0p25h,14,0.25,115200,1.33333333333333,0.0599242019722976,0.055093737614279,0.0048304643580186
Nx014_dt0p25h,14,0.25,116100,1.34375,0.0601222294198298,0.0553085288289218,0.00481370059090803
Nx014_dt0p25h,14,0.25,117000,1.35416666666667,0.0603196011647477,0.055522489120431,0.0047971120443167
Nx014_dt0p25h,14,0.25,117900,1.36458333333333,0.0605163237166729,0.0557356280581555,0.00478069565851742
Nx014_dt0p25h,14,0.25,118800,1.375,0.0607124034778404,0.0559479550291673,0.00476444844867304
Nx014_dt0p25h,14,0.25,119700,1.38541666666667,0.0609078467455648,0.0561594792430843,0.00474836750248057
Nx014_dt0p25h,14,0.25,120600,1.39583333333333,0.0611026597146354,0.0563702097367311,0.00473244997790421
Nx014_dt0p25h,14,0.25,121500,1.40625,0.0612968484796397,0.0565801553786464,0.00471669310099332
Nx014_dt0p25h,14,0.25,122400,1.41666666666667,0.061490419037222,0.0567893248734342,0.00470109416378774
Nx014_dt0p25h,14,0.25,123300,1.42708333333333,0.0616833772882751,0.0569977267659786,0.00468565052229648
Nx014_dt0p25h,14,0.25,124200,1.4375,0.0618757290400706,0.0572053694455145,0.00467035959455612
Nx014_dt0p25h,14,0.25,125100,1.44791666666667,0.0620674800083283,0.0574122611495705,0.00465521885875773
Nx014_dt0p25h,14,0.25,126000,1.45833333333333,0.062258635819227,0.0576184099677801,0.00464022585144687
Nx014_dt0p25h,14,0.25,126900,1.46875,0.0624492020113595,0.0578238238455729,0.00462537816578662
Nx014_dt0p25h,14,0.25,127800,1.47916666666667,0.0626391840376324,0.0580285105877493,0.00461067344988311
Nx014_dt0p25h,14,0.25,128700,1.48958333333333,0.0628285872671138,0.0582324778619389,0.00459610940517489
Nx014_dt0p25h,14,0.25,129600,1.5,0.0630174169868301,0.0584357332019535,0.00458168378487654
Nx014_dt0p25h,14,0.25,130500,1.51041666666667,0.063205678403513,0.058638284011033,0.00456739439247995
Nx014_dt0p25h,14,0.25,131400,1.52083333333333,0.0633933766452999,0.0588401375649926,0.00455323908030729
Nx014_dt0p25h,14,0.25,132300,1.53125,0.0635805167633874,0.0590413010152717,0.00453921574811571
Nx014_dt0p25h,14,0.25,133200,1.54166666666667,0.0637671037336412,0.0592417813918912,0.00452532234174993
Nx014_dt0p25h,14,0.25,134100,1.55208333333333,0.063953142458162,0.0594415856063184,0.00451155685184357
Nx014_dt0p25h,14,0.25,135000,1.5625,0.0641386377668107,0.0596407204542497,0.00449791731256103
Nx014_dt0p25h,14,0.25,135900,1.57291666666667,0.0643235944186929,0.0598391926183054,0.00448440180038747
Nx014_dt0p25h,14,0.25,136800,1.58333333333333,0.0645080171036039,0.0600370086706467,0.00447100843295718
Nx014_dt0p25h,14,0.25,137700,1.59375,0.0646919104434373,0.0602341750755167,0.00445773536792061
Nx014_dt0p25h,14,0.25,138600,1.60416666666667,0.0648752789935554,0.0604306981917029,0.0044445808018525
Nx014_dt0p25h,14,0.25,139500,1.61458333333333,0.0650581272441253,0.0606265842749316,0.00443154296919364
Nx014_dt0p25h,14,0.25,140400,1.625,0.0652404596214204,0.0608218394801903,0.00441862014123012
Nx014_dt0p25h,14,0.25,141300,1.63541666666667,0.0654222804890889,0.0610164698639861,0.00440581062510279
Nx014_dt0p25h,14,0.25,142200,1.64583333333333,0.0656035941493892,0.0612104813865355,0.00439311276285363
Nx014_dt0p25h,14,0.25,143100,1.65625,0.0657844048443953,0.0614038799138953,0.00438052493049997
Nx014_dt0p25h,14,0.25,144000,1.66666666666667,0.0659647167571712,0.0615966712200323,0.0043680455371389
Nx014_dt0p25h,14,0.25,144900,1.67708333333333,0.0661445340129164,0.0617888609888339,0.00435567302408245
Nx014_dt0p25h,14,0.25,145800,1.6875,0.0663238606800821,0.0619804548160638,0.00434340586401837
Nx014_dt0p25h,14,0.25,146700,1.69791666666667,0.0665027007714614,0.0621714582112629,0.00433124256019844
Nx014_dt0p25h,14,0.25,147600,1.70833333333333,0.0666810582452508,0.0623618765995981,0.00431918164565266
Nx014_dt0p25h,14,0.25,148500,1.71875,0.0668589370060874,0.0625517153236596,0.00430722168242778
Nx014_dt0p25h,14,0.25,149400,1.72916666666667,0.0670363409060601,0.0627409796452115,0.00429536126084866
Nx014_dt0p25h,14,0.25,150300,1.73958333333333,0.0672132737456964,0.0629296747468912,0.00428359899880516
Nx014_dt0p25h,14,0.25,151200,1.75,0.0673897392749255,0.0631178057338672,0.00427193354105833
Nx014_dt0p25h,14,0.25,152100,1.76041666666667,0.0675657411940188,0.0633053776354497,0.00426036355856903
Nx014_dt0p25h,14,0.25,153000,1.77083333333333,0.0677412831545073,0.0634923954066592,0.00424888774784805
Nx014_dt0p25h,14,0.25,153900,1.78125,0.0679163687600779,0.0636788639297549,0.00423750483032298
Nx014_dt0p25h,14,0.25,154800,1.79166666666667,0.0680910015674484,0.0638647880157204,0.00422621355172793
Nx014_dt0p25h,14,0.25,155700,1.80208333333333,0.0682651850872217,0.0640501724057131,0.0042150126815086
Nx014_dt0p25h,14,0.25,156600,1.8125,0.0684389227847209,0.0642350217724745,0.00420390101224642
Nx014_dt0p25h,14,0.25,157500,1.82291666666667,0.068612218080804,0.0644193407217037,0.00419287735910027
Nx014_dt0p25h,14,0.25,158400,1.83333333333333,0.0687850743526607,0.0646031337933976,0.00418194055926308
Nx014_dt0p25h,14,0.25,159300,1.84375,0.0689574949345903,0.0647864054631551,0.00417108947143519
Nx014_dt0p25h,14,0.25,160200,1.85416666666667,0.0691294831187626,0.064969160143448,0.00416032297531466
Nx014_dt0p25h,14,0.25,161100,1.86458333333333,0.0693010421559605,0.0651514021848623,0.00414963997109823
Nx014_dt0p25h,14,0.25,162000,1.875,0.0694721752563067,0.0653331358773047,0.00413903937900199
Nx014_dt0p25h,14,0.25,162900,1.88541666666667,0.0696428855899736,0.0655143654511821,0.00412852013879153
Nx014_dt0p25h,14,0.25,163800,1.89583333333333,0.0698131762878776,0.0656950950785501,0.00411808120932755
Nx014_dt0p25h,14,0.25,164700,1.90625,0.0699830504423575,0.0658753288742334,0.00410772156812413
Nx014_dt0p25h,14,0.25,165600,1.91666666666667,0.0701525111078387,0.0660550708969198,0.00409744021091886
Nx014_dt0p25h,14,0.25,166500,1.92708333333333,0.0703215613014814,0.0662343251502252,0.00408723615125622
Nx014_dt0p25h,14,0.25,167400,1.9375,0.0704902040038166,0.0664130955837359,0.00407710842008065
Nx014_dt0p25h,14,0.25,168300,1.94791666666667,0.0706584421593657,0.066591386094022,0.00406705606534367
Nx014_dt0p25h,14,0.25,169200,1.95833333333333,0.0708262786772492,0.06676920052563,0.00405707815161921
Nx014_dt0p25h,14,0.25,170100,1.96875,0.0709937164317801,0.066946542672049,0.00404717375973107
Nx014_dt0p25h,14,0.25,171000,1.97916666666667,0.071160758263046,0.0671234162766553,0.00403734198639071
Nx014_dt0p25h,14,0.25,171900,1.98958333333333,0.0713274069774781,0.0672998250336346,0.00402758194384349
Nx014_dt0p25h,14,0.25,172800,2,0.071493665348408,0.0674757725888821,0.00401789275952598
Nx014_dt0p25h,14,0.25,173700,2.01041666666667,0.0716595361166132,0.067651262540881,0.0040082735757322
Nx014_dt0p25h,14,0.25,174600,2.02083333333333,0.0718250219908503,0.0678262984415621,0.00399872354928812
Nx014_dt0p25h,14,0.25,175500,2.03125,0.0719901256483777,0.0680008837971432,0.00398924185123456
Nx014_dt0p25h,14,0.25,176400,2.04166666666667,0.0721548497354674,0.0681750220689457,0.00397982766652175
Nx014_dt0p25h,14,0.25,177300,2.05208333333333,0.0723191968679053,0.0683487166741988,0.00397048019370652
Nx014_dt0p25h,14,0.25,178200,2.0625,0.0724831696314822,0.06852197098682,0.00396119864466221
Nx014_dt0p25h,14,0.25,179100,2.07291666666667,0.0726467705824738,0.0686947883381794,0.00395198224429449
Nx014_dt0p25h,14,0.25,180000,2.08333333333333,0.0728100022481117,0.0688671720178486,0.00394283023026308
Nx014_dt0p25h,14,0.25,180900,2.09375,0.0729728671270437,0.06903912527433,0.00393374185271371
Nx014_dt0p25h,14,0.25,181800,2.10416666666667,0.0731353676897859,0.0692106513157716,0.00392471637401429
Nx014_dt0p25h,14,0.25,182700,2.11458333333333,0.0732975063791647,0.0693817533106651,0.00391575306849956
Nx014_dt0p25h,14,0.25,183600,2.125,0.0734592856107506,0.0695524343885293,0.00390685122222122
Nx014_dt0p25h,14,0.25,184500,2.13541666666667,0.0736207077732826,0.0697226976405773,0.00389801013270527
Nx014_dt0p25h,14,0.25,185400,2.14583333333333,0.073781775229085,0.0698925461203701,0.00388922910871486
Nx014_dt0p25h,14,0.25,186300,2.15625,0.0739424903144748,0.0700619828444551,0.00388050747001968
Nx014_dt0p25h,14,0.25,187200,2.16666666666667,0.0741028553401621,0.0702310107929923,0.00387184454716982
Nx014_dt0p25h,14,0.25,188100,2.17708333333333,0.074262872591642,0.0703996329103645,0.00386323968127755
Nx014_dt0p25h,14,0.25,189000,2.1875,0.074422544329579,0.0705678521057765,0.00385469222380248
Nx014_dt0p25h,14,0.25,189900,2.19791666666667,0.0745818727901836,0.0707356712538407,0.00384620153634289
Nx014_dt0p25h,14,0.25,190800,2.20833333333333,0.0747408601855822,0.0709030931951501,0.00383776699043208
Nx014_dt0p25h,14,0.25,191700,2.21875,0.0748995087041791,0.0710701207368385,0.00382938796734066
Nx014_dt0p25h,14,0.25,192600,2.22916666666667,0.0750578205110122,0.0712367566531315,0.00382106385788072
Nx014_dt0p25h,14,0.25,193500,2.23958333333333,0.0752157977481012,0.0714030036858825,0.00381279406221868
Nx014_dt0p25h,14,0.25,194400,2.25,0.0753734425347895,0.0715688645450997,0.00380457798968978
Nx014_dt0p25h,14,0.25,195300,2.26041666666667,0.07553075696808,0.0717343419094614,0.00379641505861864
Nx014_dt0p25h,14,0.25,196200,2.27083333333333,0.0756877431229636,0.0718994384268209,0.00378830469614271
Nx014_dt0p25h,14,0.25,197100,2.28125,0.0758444030527421,0.0720641567147003,0.00378024633804179
Nx014_dt0p25h,14,0.25,198000,2.29166666666667,0.0760007387893451,0.0722284993607755,0.00377223942856961
Nx014_dt0p25h,14,0.25,198900,2.30208333333333,0.0761567523436407,0.0723924689233502,0.00376428342029053
Nx014_dt0p25h,14,0.25,199800,2.3125,0.0763124457057404,0.0725560679318203,0.00375637777392011
Nx014_dt0p25h,14,0.25,200700,2.32291666666667,0.0764678208452985,0.0727192988871289,0.00374852195816965
Nx014_dt0p25h,14,0.25,201600,2.33333333333333,0.0766228797118059,0.0728821642622134,0.00374071544959249
Nx014_dt0p25h,14,0.25,202500,2.34375,0.0767776242348785,0.0730446665024418,0.0037329577324367
Nx014_dt0p25h,14,0.25,203400,2.35416666666667,0.0769320563245403,0.073206808026041,0.00372524829849927
Nx014_dt0p25h,14,0.25,204300,2.36458333333333,0.0770861778715012,0.0733685912245172,0.00371758664698396
Nx014_dt0p25h,14,0.25,205200,2.375,0.07723999074743,0.0735300184630672,0.00370997228436278
Nx014_dt0p25h,14,0.25,206100,2.38541666666667,0.0773934968052223,0.0736910920809813,0.00370240472424101
Nx014_dt0p25h,14,0.25,207000,2.39583333333333,0.0775466978792636,0.0738518143920402,0.00369488348722341
Nx014_dt0p25h,14,0.25,207900,2.40625,0.0776995957856876,0.074012187684901,0.00368740810078663
Nx014_dt0p25h,14,0.25,208800,2.41666666666667,0.07785219232263,0.0741722142234793,0.00367997809915072
Nx014_dt0p25h,14,0.25,209700,2.42708333333333,0.0780044892704776,0.0743318962473205,0.00367259302315716
Nx014_dt0p25h,14,0.25,210600,2.4375,0.0781564883921132,0.0744912359719657,0.00366525242014755
Nx014_dt0p25h,14,0.25,211500,2.44791666666667,0.0783081914331561,0.0746502355893118,0.00365795584384432
Nx014_dt0p25h,14,0.25,212400,2.45833333333333,0.078459600122198,0.0748088972679617,0.00365070285423631
Nx014_dt0p25h,14,0.25,213300,2.46875,0.0786107161710357,0.0749672231535696,0.00364349301746604
Nx014_dt0p25h,14,0.25,214200,2.47916666666667,0.0787615412748983,0.0751252153691807,0.00363632590571761
Nx014_dt0p25h,14,0.25,215100,2.48958333333333,0.078912077112672,0.075282876015562,0.00362920109711
Nx014_dt0p25h,14,0.25,216000,2.5,0.0790623253471197,0.0754402071715284,0.00362211817559129
Nx014_dt0p25h,14,0.25,216900,2.51041666666667,0.0792122876250977,0.0755972108942639,0.00361507673083389
Nx014_dt0p25h,14,0.25,217800,2.52083333333333,0.0793619655777684,0.0757538892196334,0.00360807635813502
Nx014_dt0p25h,14,0.25,218700,2.53125,0.0795113608208086,0.0759102441624921,0.00360111665831649
Nx014_dt0p25h,14,0.25,219600,2.54166666666667,0.079660474954616,0.0760662777169876,0.00359419723762837
Nx014_dt0p25h,14,0.25,220500,2.55208333333333,0.0798093095645101,0.0762219918568555,0.00358731770765454
Nx014_dt0p25h,14,0.25,221400,2.5625,0.0799578662209313,0.0763773885357127,0.00358047768521864
Nx014_dt0p25h,14,0.25,222300,2.57291666666667,0.080106146479636,0.076532469687342,0.00357367679229402
Nx014_dt0p25h,14,0.25,223200,2.58333333333333,0.0802541518818881,0.0766872372259725,0.00356691465591567
Nx014_dt0p25h,14,0.25,224100,2.59375,0.0804018839546481,0.0768416930465568,0.00356019090809126
Nx014_dt0p25h,14,0.25,225000,2.60416666666667,0.0805493442107583,0.0769958390250406,0.0035535051857177
Nx014_dt0p25h,14,0.25,225900,2.61458333333333,0.0806965341491253,0.0771496770186282,0.00354685713049709
Nx014_dt0p25h,14,0.25,226800,2.625,0.0808434552548993,0.0773032088660445,0.00354024638885479
Nx014_dt0p25h,14,0.25,227700,2.63541666666667,0.0809901089996507,0.0774564363877914,0.00353367261185931
Nx014_dt0p25h,14,0.25,228600,2.64583333333333,0.0811364968415437,0.0776093613863991,0.00352713545514466
Nx014_dt0p25h,14,0.25,229500,2.65625,0.0812826202255065,0.077761985646673,0.00352063457883349
Nx014_dt0p25h,14,0.25,230400,2.66666666666667,0.0814284805833996,0.0779143109359379,0.00351416964746171
Nx014_dt0p25h,14,0.25,231300,2.67708333333333,0.0815740793341809,0.078066339004277,0.00350774032990395
Nx014_dt0p25h,14,0.25,232200,2.6875,0.0817194178840682,0.0782180715847648,0.00350134629930342
Nx014_dt0p25h,14,0.25,233100,2.69791666666667,0.0818644976266989,0.0783695103936988,0.00349498723300008
Nx014_dt0p25h,14,0.25,234000,2.70833333333333,0.0820093199432874,0.0785206571308262,0.00348866281246121
Nx014_dt0p25h,14,0.25,234900,2.71875,0.0821538862027797,0.0786715134795652,0.00348237272321446
Nx014_dt0p25h,14,0.25,235800,2.72916666666667,0.082298197762006,0.078822081107226,0.00347611665478008
Nx014_dt0p25h,14,0.25,236700,2.73958333333333,0.0824422559658305,0.078972361665223,0.00346989430060751
Nx014_dt0p25h,14,0.25,237600,2.75,0.0825860621472983,0.0791223567892884,0.0034637053580099
Nx014_dt0p25h,14,0.25,238500,2.76041666666667,0.0827296176277815,0.0792720680996791,0.00345754952810243
Nx014_dt0p25h,14,0.25,239400,2.77083333333333,0.0828729237171212,0.07942149720138,0.00345142651574118
Nx014_dt0p25h,14,0.25,240300,2.78125,0.0830159817137688,0.0795706456843067,0.00344533602946211
Nx014_dt0p25h,14,0.25,241200,2.79166666666667,0.0831587929049239,0.0797195151235015,0.00343927778142239
Nx014_dt0p25h,14,0.25,242100,2.80208333333333,0.0833013585666709,0.079868107079327,0.00343325148734384
Nx014_dt0p25h,14,0.25,243000,2.8125,0.0834436799641129,0.0800164230976587,0.00342725686645416
Nx014_dt0p25h,14,0.25,243900,2.82291666666667,0.0835857583515039,0.0801644647100709,0.00342129364143297
Nx014_dt0p25h,14,0.25,244800,2.83333333333333,0.083727594972379,0.0803122334340223,0.00341536153835664
Nx014_dt0p25h,14,0.25,245700,2.84375,0.083869191059682,0.0804597307730369,0.00340946028664506
Nx014_dt0p25h,14,0.25,246600,2.85416666666667,0.0840105478358918,0.0806069582168826,0.0034035896190092
Nx014_dt0p25h,14,0.25,247500,2.86458333333333,0.0841516665131466,0.0807539172417471,0.00339774927139946
Nx014_dt0p25h,14,0.25,248400,2.875,0.0842925482933657,0.0809006093104102,0.00339193898295552
Nx014_dt0p25h,14,0.25,249300,2.88541666666667,0.0844331943683705,0.0810470358724136,0.00338615849595687
Nx014_dt0p25h,14,0.25,250200,2.89583333333333,0.0845736059200026,0.0811931983642288,0.00338040755577387
Nx014_dt0p25h,14,0.25,251100,2.90625,0.0847137841202409,0.0813390982094198,0.00337468591082105
Nx014_dt0p25h,14,0.25,252000,2.91666666666667,0.0848537301313162,0.0814847368188077,0.00336899331250849
Nx014_dt0p25h,14,0.25,252900,2.92708333333333,0.0849934451058253,0.0816301155906264,0.00336332951519885
Nx014_dt0p25h,14,0.25,253800,2.9375,0.0851329301868417,0.081775235910682,0.00335769427615971
Nx014_dt0p25h,14,0.25,254700,2.94791666666667,0.0852721865080263,0.0819200991525059,0.00335208735552046
Nx014_dt0p25h,14,0.25,255600,2.95833333333333,0.0854112151937354,0.0820647066775056,0.00334650851622975
Nx014_dt0p25h,14,0.25,256500,2.96875,0.0855500173591274,0.0822090598351165,0.00334095752401091
Nx014_dt0p25h,14,0.25,257400,2.97916666666667,0.085688594110268,0.0823531599629451,0.00333543414732289
Nx014_dt0p25h,14,0.25,258300,2.98958333333333,0.0858269465442341,0.0824970083869172,0.00332993815731687
Nx014_dt0p25h,14,0.25,259200,3,0.0859650757492155,0.0826406064214183,0.00332446932779712
Nx014_dt0p25h,14,0.25,260100,3.01041666666667,0.0861029828046156,0.082783955369434,0.00331902743518168
Nx014_dt0p25h,14,0.25,261000,3.02083333333333,0.086240668781151,0.0829270565226885,0.00331361225846248
Nx014_dt0p25h,14,0.25,261900,3.03125,0.0863781347409485,0.0830699111617789,0.00330822357916966
Nx014_dt0p25h,14,0.25,262800,3.04166666666667,0.086515381737642,0.0832125205563111,0.00330286118133089
Nx014_dt0p25h,14,0.25,263700,3.05208333333333,0.0866524108164671,0.0833548859650302,0.00329752485143699
Nx014_dt0p25h,14,0.25,264600,3.0625,0.086789223014355,0.0834970086359497,0.00329221437840525
Nx014_dt0p25h,14,0.25,265500,3.07291666666667,0.0869258193600241,0.0836388898064803,0.0032869295535438
Nx014_dt0p25h,14,0.25,266400,3.08333333333333,0.0870622008740716,0.0837805307035544,0.00328167017051721
Nx014_dt0p25h,14,0.25,267300,3.09375,0.0871983685690627,0.0839219325437511,0.00327643602531152
Nx014_dt0p25h,14,0.25,268200,3.10416666666667,0.0873343234496191,0.0840630965334169,0.0032712269162022
Nx014_dt0p25h,14,0.25,269100,3.11458333333333,0.0874700665125062,0.084204023868787,0.00326604264371924
Nx014_dt0p25h,14,0.25,270000,3.125,0.0876055987467187,0.0843447157361024,0.00326088301061631
Nx014_dt0p25h,14,0.25,270900,3.13541666666667,0.0877409211335654,0.0844851733117273,0.00325574782183811
Nx014_dt0p25h,14,0.25,271800,3.14583333333333,0.0878760346467528,0.0846253977622634,0.00325063688448943
Nx014_dt0p25h,14,0.25,272700,3.15625,0.0880109402524674,0.0847653902446628,0.00324555000780459
Nx014_dt0p25h,14,0.25,273600,3.16666666666667,0.0881456389094566,0.0849051519063399,0.00324048700311672
Nx014_dt0p25h,14,0.25,274500,3.17708333333333,0.0882801315691093,0.0850446838852807,0.00323544768382859
Nx014_dt0p25h,14,0.25,275400,3.1875,0.0884144191755342,0.0851839873101513,0.00323043186538291
Nx014_dt0p25h,14,0.25,276300,3.19791666666667,0.0885485026656381,0.0853230633004037,0.00322543936523438
Nx014_dt0p25h,14,0.25,277200,3.20833333333333,0.0886823829692027,0.0854619129663817,0.00322047000282104
Nx014_dt0p25h,14,0.25,278100,3.21875,0.0888160610089602,0.0856005374094231,0.00321552359953703
Nx014_dt0p25h,14,0.25,279000,3.22916666666667,0.0889495377006678,0.0857389377219635,0.00321059997870429
Nx014_dt0p25h,14,0.25,279900,3.23958333333333,0.0890828139531818,0.0858771149876344,0.00320569896554741
Nx014_dt0p25h,14,0.25,280800,3.25,0.0892158906685303,0.0860150702813647,0.0032008203871656
Nx014_dt0p25h,14,0.25,281700,3.26041666666667,0.0893487687419844,0.0861528046694753,0.00319596407250909
Nx014_dt0p25h,14,0.25,282600,3.27083333333333,0.0894814490621295,0.0862903192097784,0.00319112985235102
Nx014_dt0p25h,14,0.25,283500,3.28125,0.0896139325109347,0.08642761495167,0.00318631755926466
Nx014_dt0p25h,14,0.25,284400,3.29166666666667,0.0897462199638221,0.0865646929362244,0.00318152702759772
Nx014_dt0p25h,14,0.25,285300,3.30208333333333,0.0898783122897342,0.0867015541962859,0.00317675809344826
Nx014_dt0p25h,14,0.25,286200,3.3125,0.0900102103512014,0.0868381997565598,0.00317201059464159
Nx014_dt0p25h,14,0.25,287100,3.32291666666667,0.0901419150044078,0.0869746306337017,0.00316728437070615
Nx014_dt0p25h,14,0.25,288000,3.33333333333333,0.0902734270992568,0.0871108478364062,0.00316257926285059
Nx014_dt0p25h,14,0.25,288900,3.34375,0.0904047474794351,0.0872468523654934,0.00315789511394177
Nx014_dt0p25h,14,0.25,289800,3.35416666666667,0.0905358769824768,0.0873826452139947,0.00315323176848202
Nx014_dt0p25h,14,0.25,290700,3.36458333333333,0.0906668164398254,0.087518227367238,0.00314858907258737
Nx014_dt0p25h,14,0.25,291600,3.375,0.0907975666768964,0.0876535998029302,0.00314396687396626
Nx014_dt0p25h,14,0.25,292500,3.38541666666667,0.0909281285131382,0.0877887634912404,0.00313936502189782
Nx014_dt0p25h,14,0.25,293400,3.39583333333333,0.0910585027620921,0.0879237193948799,0.00313478336721219
Nx014_dt0p25h,14,0.25,294300,3.40625,0.0911886902314521,0.0880584684691842,0.0031302217622679
Nx014_dt0p25h,14,0.25,295200,3.41666666666667,0.0913186917231236,0.088193011662189,0.00312568006093464
Nx014_dt0p25h,14,0.25,296100,3.42708333333333,0.0914485080332814,0.0883273499147101,0.00312115811857129
Nx014_dt0p25h,14,0.25,297000,3.4375,0.0915781399524269,0.0884614841604205,0.0031166557920064
Nx014_dt0p25h,14,0.25,297900,3.44791666666667,0.0917075882654448,0.0885954153259241,0.00311217293952065
Nx014_dt0p25h,14,0.25,298800,3.45833333333333,0.0918368537516584,0.0887291443308325,0.00310770942082592
Nx014_dt0p25h,14,0.25,299700,3.46875,0.0919659371848852,0.0888626720878366,0.00310326509704861
Nx014_dt0p25h,14,0.25,300600,3.47916666666667,0.0920948393334913,0.0889959995027813,0.00309883983071002
Nx014_dt0p25h,14,0.25,301500,3.48958333333333,0.0922235609604445,0.0891291274747359,0.00309443348570858
Nx014_dt0p25h,14,0.25,302400,3.5,0.0923521028233679,0.0892620568960653,0.00309004592730258
Nx014_dt0p25h,14,0.25,303300,3.51041666666667,0.092480465674592,0.0893947886524996,0.00308567702209234
Nx014_dt0p25h,14,0.25,304200,3.52083333333333,0.0926086502612063,0.0895273236232032,0.00308132663800319
Nx014_dt0p25h,14,0.25,305100,3.53125,0.0927366573251108,0.0896596626808424,0.00307699464426842
Nx014_dt0p25h,14,0.25,306000,3.54166666666667,0.0928644876030658,0.0897918066916526,0.00307268091141312
Nx014_dt0p25h,14,0.25,306900,3.55208333333333,0.0929921418267418,0.0899237565155049,0.0030683853112369
Nx014_dt0p25h,14,0.25,307800,3.5625,0.0931196207227689,0.0900555130059702,0.0030641077167987
Nx014_dt0p25h,14,0.25,308700,3.57291666666667,0.0932469250127854,0.0901870770103853,0.0030598480024002
Nx014_dt0p25h,14,0.25,309600,3.58333333333333,0.0933740554134855,0.0903184493699147,0.00305560604357073
Nx014_dt0p25h,14,0.25,310500,3.59375,0.0935010126366663,0.0904496309196147,0.00305138171705162
Nx014_dt0p25h,14,0.25,311400,3.60416666666667,0.0936277973892755,0.0905806224884948,0.00304717490078067
Nx014_dt0p25h,14,0.25,312300,3.61458333333333,0.0937544103734569,0.0907114248995786,0.00304298547387831
Nx014_dt0p25h,14,0.25,313200,3.625,0.0938808522865962,0.0908420389699645,0.00303881331663175
Nx014_dt0p25h,14,0.25,314100,3.63541666666667,0.0940071238213661,0.0909724655108853,0.00303465831048083
Nx014_dt0p25h,14,0.25,315000,3.64583333333333,0.0941332256657708,0.0911027053277667,0.00303052033800402
Nx014_dt0p25h,14,0.25,315900,3.65625,0.0942591585031899,0.0912327592202856,0.0030263992829043
Nx014_dt0p25h,14,0.25,316800,3.66666666666667,0.0943849230124221,0.0913626279824265,0.0030222950299956
Nx014_dt0p25h,14,0.25,317700,3.67708333333333,0.0945105198677281,0.09149231240254,0.00301820746518808
Nx014_dt0p25h,14,0.25,318600,3.6875,0.0946359497388725,0.0916218132633963,0.00301413647547623
Nx014_dt0p25h,14,0.25,319500,3.69791666666667,0.0947612132911665,0.0917511313422419,0.00301008194892458
Nx014_dt0p25h,14,0.25,320400,3.70833333333333,0.0948863111855088,0.0918802674108537,0.00300604377465509
Nx014_dt0p25h,14,0.25,321300,3.71875,0.0950112440784264,0.0920092222355927,0.00300202184283371
Nx014_dt0p25h,14,0.25,322200,3.72916666666667,0.0951360126221156,0.0921379965774564,0.00299801604465917
Nx014_dt0p25h,14,0.25,323100,3.73958333333333,0.0952606174644813,0.0922665911921322,0.00299402627234908
Nx014_dt0p25h,14,0.25,324000,3.75,0.0953850592491769,0.0923950068300487,0.00299005241912824
Nx014_dt0p25h,14,0.25,324900,3.76041666666667,0.0955093386156431,0.0925232442364263,0.00298609437921678
Nx014_dt0p25h,14,0.25,325800,3.77083333333333,0.0956334561991465,0.0926513041513289,0.0029821520478176
Nx014_dt0p25h,14,0.25,326700,3.78125,0.0957574126308178,0.0927791873097128,0.00297822532110507
Nx014_dt0p25h,14,0.25,327600,3.79166666666667,0.0958812085376892,0.0929068944414754,0.00297431409621389
Nx014_dt0p25h,14,0.25,328500,3.80208333333333,0.0960048445427319,0.093034426271505,0.00297041827122689
Nx014_dt0p25h,14,0.25,329400,3.8125,0.0961283212648925,0.0931617835197289,0.00296653774516362
Nx014_dt0p25h,14,0.25,330300,3.82291666666667,0.0962516393191298,0.0932889669011586,0.00296267241797116
Nx014_dt0p25h,14,0.25,331200,3.83333333333333,0.0963747993164504,0.0934159771259399,0.00295882219051044
Nx014_dt0p25h,14,0.25,332100,3.84375,0.0964978018639442,0.093542814899397,0.00295498696454723
Nx014_dt0p25h,14,0.25,333000,3.85416666666667,0.0966206475648198,0.0936694809220779,0.00295116664274186
Nx014_dt0p25h,14,0.25,333900,3.86458333333333,0.0967433370184388,0.0937959758898014,0.0029473611286374
Nx014_dt0p25h,14,0.25,334800,3.875,0.0968658708203504,0.0939223004936998,0.00294357032665055
Nx014_dt0p25h,14,0.25,335700,3.88541666666667,0.0969882495623251,0.0940484554202649,0.00293979414206022
Nx014_dt0p25h,14,0.25,336600,3.89583333333333,0.0971104738323885,0.0941744413513893,0.00293603248099922
Nx014_dt0p25h,14,0.25,337500,3.90625,0.0972325442148541,0.0943002589644106,0.00293228525044342
Nx014_dt0p25h,14,0.25,338400,3.91666666666667,0.0973544612903561,0.0944259089321549,0.00292855235820122
Nx014_dt0p25h,14,0.25,339300,3.92708333333333,0.0974762256358821,0.0945513919229762,0.0029248337129059
Nx014_dt0p25h,14,0.25,340200,3.9375,0.0975978378248049,0.0946767086008007,0.00292112922400418
Nx014_dt0p25h,14,0.25,341100,3.94791666666667,0.097719298426914,0.0948018596251658,0.00291743880174818
Nx014_dt0p25h,14,0.25,342000,3.95833333333333,0.0978406080084473,0.0949268456512608,0.00291376235718648
Nx014_dt0p25h,14,0.25,342900,3.96875,0.0979617671321216,0.0950516673299685,0.00291009980215304
Nx014_dt0p25h,14,0.25,343800,3.97916666666667,0.0980827763571636,0.0951763253079023,0.00290645104926129
Nx014_dt0p25h,14,0.25,344700,3.98958333333333,0.0982036362393401,0.0953008202274479,0.00290281601189216
Nx014_dt0p25h,14,0.25,345600,4,0.0983243473309876,0.0954251527267996,0.00289919460418803
Nx014_dt0p25h,14,0.25,346500,4.01041666666667,0.0984449101810423,0.0955493234399998,0.00289558674104243
Nx014_dt0p25h,14,0.25,347400,4.02083333333333,0.0985653253350691,0.0956733329969766,0.00289199233809258
Nx014_dt0p25h,14,0.25,348300,4.03125,0.0986855933352908,0.0957971820235809,0.00288841131170997
Nx014_dt0p25h,14,0.25,349200,4.04166666666667,0.0988057147206165,0.0959208711416225,0.00288484357899398
Nx014_dt0p25h,14,0.25,350100,4.05208333333333,0.0989256900266699,0.0960444009689084,0.00288128905776151
Nx014_dt0p25h,14,0.25,351000,4.0625,0.0990455197858174,0.0961677721192766,0.00287774766654078
Nx014_dt0p25h,14,0.25,351900,4.07291666666667,0.099165204527196,0.0962909852026336,0.00287421932456232
Nx014_dt0p25h,14,0.25,352800,4.08333333333333,0.0992847447767402,0.0964140408249882,0.00287070395175196
Nx014_dt0p25h,14,0.25,353700,4.09375,0.0994041410572095,0.0965369395884869,0.0028672014687226
Nx014_dt0p25h,14,0.25,354600,4.10416666666667,0.0995233938882151,0.0966596820914483,0.00286371179676684
Nx014_dt0p25h,14,0.25,355500,4.11458333333333,0.0996425037862464,0.0967822689283969,0.00286023485784956
Nx014_dt0p25h,14,0.25,356400,4.125,0.0997614712646971,0.0969047006900964,0.00285677057460064
Nx014_dt0p25h,14,0.25,357300,4.13541666666667,0.0998802968338912,0.0970269779635844,0.00285331887030676
Nx014_dt0p25h,14,0.25,358200,4.14583333333333,0.0999989810011088,0.0971491013322025,0.0028498796689063
Nx014_dt0p25h,14,0.25,359100,4.15625,0.100117524270612,0.0972710713756316,0.00284645289497992
Nx014_dt0p25h,14,0.25,360000,4.16666666666667,0.100235927143667,0.0973928886699225,0.00284303847374466
Nx014_dt0p25h,14,0.25,360900,4.17708333333333,0.100354190118575,0.0975145537875276,0.00283963633104764
Nx014_dt0p25h,14,0.25,361800,4.1875,0.100472313690691,0.0976360672973326,0.00283624639335822
Nx014_dt0p25h,14,0.25,362700,4.19791666666667,0.10059029835245,0.0977574297646882,0.00283286858776141
Nx014_dt0p25h,14,0.25,363600,4.20833333333333,0.100708144593391,0.0978786417514394,0.00282950284195181
Nx014_dt0p25h,14,0.25,364500,4.21875,0.100825852900184,0.0979997038159571,0.00282614908422664
Nx014_dt0p25h,14,0.25,365400,4.22916666666667,0.100943423756647,0.098120616513167,0.00282280724347971
Nx014_dt0p25h,14,0.25,366300,4.23958333333333,0.101060857643775,0.0982413803945805,0.00281947724919421
Nx014_dt0p25h,14,0.25,367200,4.25,0.10117815503976,0.098361996008323,0.00281615903143743
Nx014_dt0p25h,14,0.25,368100,4.26041666666667,0.101295316420017,0.0984824638991633,0.00281285252085403
Nx014_dt0p25h,14,0.25,369000,4.27083333333333,0.101412342257202,0.098602784608543,0.00280955764865942
Nx014_dt0p25h,14,0.25,369900,4.28125,0.101529233021238,0.0987229586746031,0.00280627434663509
Nx014_dt0p25h,14,0.25,370800,4.29166666666667,0.101645989179336,0.0988429866322142,0.00280300254712144
Nx014_dt0p25h,14,0.25,371700,4.30208333333333,0.101762611196015,0.0989628690130028,0.00279974218301218
Nx014_dt0p25h,14,0.25,372600,4.3125,0.101879099533128,0.0990826063453795,0.0027964931877487
Nx014_dt0p25h,14,0.25,373500,4.32291666666667,0.10199545464988,0.0992021991545656,0.00279325549531446
Nx014_dt0p25h,14,0.25,374400,4.33333333333333,0.102111677002849,0.0993216479626208,0.00279002904022857
Nx014_dt0p25h,14,0.25,375300,4.34375,0.10222776704601,0.0994409532884689,0.00278681375754132
Nx014_dt0p25h,14,0.25,376200,4.35416666666667,0.102343725230752,0.0995601156479247,0.00278360958282763
Nx014_dt0p25h,14,0.25,377100,4.36458333333333,0.102459552005902,0.0996791355537196,0.00278041645218241
Nx014_dt0p25h,14,0.25,378000,4.375,0.102575247817742,0.0997980135155282,0.00277723430221424
Nx014_dt0p25h,14,0.25,378900,4.38541666666667,0.102690813110033,0.0999167500399918,0.00277406307004169
Nx014_dt0p25h,14,0.25,379800,4.39583333333333,0.102806248324032,0.100035345630746,0.00277090269328575
Nx014_dt0p25h,14,0.25,380700,4.40625,0.102921553898512,0.100153800788445,0.00276775311006686
Nx014_dt0p25h,14,0.25,381600,4.41666666666667,0.103036730269782,0.100272116010784,0.00276461425899795
Nx014_dt0p25h,14,0.25,382500,4.42708333333333,0.103151777871709,0.100390291792528,0.00276148607918103
Nx014_dt0p25h,14,0.25,383400,4.4375,0.103266697135732,0.10050832862553,0.00275836851020134
Nx014_dt0p25h,14,0.25,384300,4.44791666666667,0.103381488490884,0.100626226998761,0.00275526149212206
Nx014_dt0p25h,14,0.25,385200,4.45833333333333,0.103496152363811,0.10074398739833,0.00275216496548046
Nx014_dt0p25h,14,0.25,386100,4.46875,0.10361068917879,0.100861610307508,0.00274907887128222
Nx014_dt0p25h,14,0.25,387000,4.47916666666667,0.103725099357748,0.100979096206751,0.00274600315099696
Nx014_dt0p25h,14,0.25,387900,4.48958333333333,0.103839383320278,0.101096445573724,0.00274293774655383
Nx014_dt0p25h,14,0.25,388800,4.5,0.103953541483659,0.101213658883323,0.00273988260033649
Nx014_dt0p25h,14,0.25,389700,4.51041666666667,0.104067574262875,0.101330736607696,0.00273683765517896
Nx014_dt0p25h,14,0.25,390600,4.52083333333333,0.104181482070629,0.101447679216269,0.00273380285436034
Nx014_dt0p25h,14,0.25,391500,4.53125,0.104295265317364,0.101564487175763,0.00273077814160139
Nx014_dt0p25h,14,0.25,392400,4.54166666666667,0.104408924411278,0.101681160950219,0.00272776346105917
Nx014_dt0p25h,14,0.25,393300,4.55208333333333,0.104522459758344,0.10179770100102,0.00272475875732359
Nx014_dt0p25h,14,0.25,394200,4.5625,0.104635871762321,0.101914107786909,0.0027217639754121
Nx014_dt0p25h,14,0.25,395100,4.57291666666667,0.10474916082478,0.102030381764014,0.00271877906076594
Nx014_dt0p25h,14,0.25,396000,4.58333333333333,0.104862327345112,0.102146523385865,0.0027158039592468
Nx014_dt0p25h,14,0.25,396900,4.59375,0.10497537172055,0.102262533103419,0.00271283861713095
Nx014_dt0p25h,14,0.25,397800,4.60416666666667,0.105088294346181,0.102378411365075,0.00270988298110632
Nx014_dt0p25h,14,0.25,398700,4.61458333333333,0.105201095614968,0.102494158616699,0.00270693699826809
Nx014_dt0p25h,14,0.25,399600,4.625,0.105313775917759,0.102609775301644,0.00270400061611513
Nx014_dt0p25h,14,0.25,400500,4.63541666666667,0.105426335643309,0.102725261860764,0.00270107378254537
Nx014_dt0p25h,14,0.25,401400,4.64583333333333,0.105538775178293,0.10284061873244,0.0026981564458524
Nx014_dt0p25h,14,0.25,402300,4.65625,0.10565109490732,0.102955846352599,0.00269524855472107
Nx014_dt0p25h,14,0.25,403200,4.66666666666667,0.105763295212951,0.103070945154726,0.00269235005822474
Nx014_dt0p25h,14,0.25,404100,4.67708333333333,0.105875376475714,0.103185915569894,0.00268946090582019
Nx014_dt0p25h,14,0.25,405000,4.6875,0.105987339074118,0.103300758026773,0.00268658104734484
Nx014_dt0p25h,14,0.25,405900,4.69791666666667,0.106099183384668,0.103415472951655,0.00268371043301242
Nx014_dt0p25h,14,0.25,406800,4.70833333333333,0.106210909781881,0.103530060768471,0.00268084901341036
Nx014_dt0p25h,14,0.25,407700,4.71875,0.1063225186383,0.103644521898805,0.0026779967394947
Nx014_dt0p25h,14,0.25,408600,4.72916666666667,0.106434010324508,0.10375885676192,0.00267515356258813
Nx014_dt0p25h,14,0.25,409500,4.73958333333333,0.106545385209143,0.103873065774768,0.00267231943437554
Nx014_dt0p25h,14,0.25,410400,4.75,0.106656643658913,0.103987149352014,0.00266949430689979
Nx014_dt0p25h,14,0.25,411300,4.76041666666667,0.106767786038609,0.104101107906048,0.00266667813256097
Nx014_dt0p25h,14,0.25,412200,4.77083333333333,0.106878812711118,0.104214941847008,0.00266387086410962
Nx014_dt0p25h,14,0.25,413100,4.78125,0.10698972403744,0.104328651582794,0.0026610724546461
Nx014_dt0p25h,14,0.25,414000,4.79166666666667,0.1071005203767,0.104442237519084,0.002658282857616
Nx014_dt0p25h,14,0.25,414900,4.80208333333333,0.10721120208616,0.104555700059353,0.00265550202680652
Nx014_dt0p25h,14,0.25,415800,4.8125,0.107321769521235,0.10466903960489,0.0026527299163446
Nx014_dt0p25h,14,0.25,416700,4.82291666666667,0.107432223035506,0.104782256554813,0.00264996648069266
Nx014_dt0p25h,14,0.25,417600,4.83333333333333,0.107542562980732,0.104895351306087,0.00264721167464529
Nx014_dt0p25h,14,0.25,418500,4.84375,0.107652789706865,0.105008324253538,0.00264446545332726
Nx014_dt0p25h,14,0.25,419400,4.85416666666667,0.10776290356206,0.10512117578987,0.00264172777218957
Nx014_dt0p25h,14,0.25,420300,4.86458333333333,0.10787290489269,0.105233906305684,0.00263899858700631
Nx014_dt0p25h,14,0.25,421200,4.875,0.10798279404336,0.105346516189488,0.00263627785387192
Nx014_dt0p25h,14,0.25,422100,4.88541666666667,0.108092571356917,0.105459005827719,0.0026335655291982
Nx014_dt0p25h,14,0.25,423000,4.89583333333333,0.108202237174463,0.105571375604751,0.00263086156971186
Nx014_dt0p25h,14,0.25,423900,4.90625,0.10831179183537,0.105683625902919,0.00262816593245055
Nx014_dt0p25h,14,0.25,424800,4.91666666666667,0.108421235677287,0.105795757102527,0.00262547857476043
Nx014_dt0p25h,14,0.25,425700,4.92708333333333,0.10853056903616,0.105907769581866,0.00262279945429419
Nx014_dt0p25h,14,0.25,426600,4.9375,0.108639792246235,0.106019663717228,0.00262012852900685
Nx014_dt0p25h,14,0.25,427500,4.94791666666667,0.108748905640078,0.106131439882925,0.00261746575715374
Nx014_dt0p25h,14,0.25,428400,4.95833333333333,0.108857909548582,0.106243098451295,0.00261481109728731
Nx014_dt0p25h,14,0.25,429300,4.96875,0.10896680430098,0.106354639792725,0.00261216450825534
Nx014_dt0p25h,14,0.25,430200,4.97916666666667,0.109075590224857,0.10646606427566,0.00260952594919724
Nx014_dt0p25h,14,0.25,431100,4.98958333333333,0.109184267646161,0.106577372266619,0.00260689537954195
Nx014_dt0p25h,14,0.25,432000,5,0.109292836889216,0.106688564130212,0.0026042727590046
Nx014_dt0p25h,14,0.25,432900,5.01041666666667,0.109401298276731,0.106799640229146,0.00260165804758522
Nx014_dt0p25h,14,0.25,433800,5.02083333333333,0.109509652129812,0.106910600924247,0.00259905120556482
Nx014_dt0p25h,14,0.25,434700,5.03125,0.109617898767974,0.107021446574471,0.00259645219350359
Nx014_dt0p25h,14,0.25,435600,5.04166666666667,0.109726038509153,0.107132177536915,0.00259386097223799
Nx014_dt0p25h,14,0.25,436500,5.05208333333333,0.109834071669712,0.107242794166833,0.00259127750287899
Nx014_dt0p25h,14,0.25,437400,5.0625,0.109941998564458,0.107353296817649,0.00258870174680856
Nx014_dt0p25h,14,0.25,438300,5.07291666666667,0.110049819506649,0.107463685840972,0.0025861336656775
Nx014_dt0p25h,14,0.25,439200,5.08333333333333,0.110157534808006,0.107573961586602,0.0025835732214043
Nx014_dt0p25h,14,0.25,440100,5.09375,0.110265144778724,0.107684124402552,0.00258102037617114
Nx014_dt0p25h,14,0.25,441000,5.10416666666667,0.110372649727478,0.107794174635057,0.00257847509242182
Nx014_dt0p25h,14,0.25,441900,5.11458333333333,0.110480049961442,0.107904112628582,0.0025759373328602
Nx014_dt0p25h,14,0.25,442800,5.125,0.110587345786292,0.108013938725844,0.00257340706044752
Nx014_dt0p25h,14,0.25,443700,5.13541666666667,0.110694537506217,0.108123653267817,0.00257088423839971
Nx014_dt0p25h,14,0.25,444600,5.14583333333333,0.110801625423932,0.108233256593747,0.00256836883018582
Nx014_dt0p25h,14,0.25,445500,5.15625,0.110908609840688,0.108342749041163,0.00256586079952494
Nx014_dt0p25h,14,0.25,446400,5.16666666666667,0.111015491056278,0.108452130945893,0.00256336011038494
Nx014_dt0p25h,14,0.25,447300,5.17708333333333,0.111122269369051,0.108561402642071,0.00256086672697989
Nx014_dt0p25h,14,0.25,448200,5.1875,0.111228945075919,0.108670564462151,0.00255838061376741
Nx014_dt0p25h,14,0.25,449100,5.19791666666667,0.111335518472367,0.10877961673692,0.00255590173544741
Nx014_dt0p25h,14,0.25,450000,5.20833333333333,0.111441989852467,0.108888559795508,0.00255343005695918
Nx014_dt0p25h,14,0.25,450900,5.21875,0.11154835950888,0.1089973939654,0.0025509655434799
Nx014_dt0p25h,14,0.25,451800,5.22916666666667,0.11165462773287,0.109106119572448,0.00254850816042235
Nx014_dt0p25h,14,0.25,452700,5.23958333333333,0.111760794814314,0.109214736940881,0.0025460578734324
Nx014_dt0p25h,14,0.25,453600,5.25,0.111866861041709,0.10932324639332,0.00254361464838836
Nx014_dt0p25h,14,0.25,454500,5.26041666666667,0.111972826702181,0.109431648250784,0.0025411784513968
Nx014_dt0p25h,14,0.25,455400,5.27083333333333,0.112078692081497,0.109539942832704,0.00253874924879303
Nx014_dt0p25h,14,0.25,456300,5.28125,0.11218445746407,0.109648130456933,0.00253632700713699
Nx014_dt0p25h,14,0.25,457200,5.29166666666667,0.112290123132973,0.10975621143976,0.00253391169321271
Nx014_dt0p25h,14,0.25,458100,5.30208333333333,0.112395689369942,0.109864186095916,0.00253150327402614
Nx014_dt0p25h,14,0.25,459000,5.3125,0.112501156455388,0.109972054738587,0.00252910171680183
Nx014_dt0p25h,14,0.25,459900,5.32291666666667,0.112606524668409,0.110079817679424,0.00252670698898411
Nx014_dt0p25h,14,0.25,460800,5.33333333333333,0.112711794286789,0.110187475228558,0.0025243190582316
Nx014_dt0p25h,14,0.25,461700,5.34375,0.112816965587019,0.110295027694601,0.00252193789241829
Nx014_dt0p25h,14,0.25,462600,5.35416666666667,0.112922038844294,0.110402475384664,0.00251956345962988
Nx014_dt0p25h,14,0.25,463500,5.36458333333333,0.11302701433253,0.110509818604367,0.00251719572816343
Nx014_dt0p25h,14,0.25,464400,5.375,0.113131892324368,0.110617057657844,0.00251483466652373
Nx014_dt0p25h,14,0.25,465300,5.38541666666667,0.113236673091181,0.110724192847758,0.0025124802434236
Nx014_dt0p25h,14,0.25,466200,5.39583333333333,0.113341356903088,0.110831224475308,0.0025101324277805
Nx014_dt0p25h,14,0.25,467100,5.40625,0.113445944028957,0.110938152840242,0.00250779118871571
Nx014_dt0p25h,14,0.25,468000,5.41666666666667,0.113550434736414,0.111044978240862,0.00250545649555221
Nx014_dt0p25h,14,0.25,468900,5.42708333333333,0.113654829291852,0.111151700974039,0.0025031283178135
Nx014_dt0p25h,14,0.25,469800,5.4375,0.11375912796044,0.111258321335219,0.00250080662522115
Nx014_dt0p25h,14,0.25,470700,5.44791666666667,0.113863331006128,0.111364839618434,0.00249849138769365
Nx014_dt0p25h,14,0.25,471600,5.45833333333333,0.113967438691656,0.111471256116311,0.00249618257534466
Nx014_dt0p25h,14,0.25,472500,5.46875,0.114071451278563,0.111577571120082,0.00249388015848165
Nx014_dt0p25h,14,0.25,473400,5.47916666666667,0.114175369027195,0.111683784919591,0.00249158410760351
Nx014_dt0p25h,14,0.25,474300,5.48958333333333,0.114279192196709,0.111789897803309,0.00248929439339991
Nx014_dt0p25h,14,0.25,475200,5.5,0.114382921045084,0.111895910058335,0.0024870109867489
Nx014_dt0p25h,14,0.25,476100,5.51041666666667,0.114486555829127,0.112001821970411,0.00248473385871609
Nx014_dt0p25h,14,0.25,477000,5.52083333333333,0.114590096804482,0.112107633823929,0.00248246298055277
Nx014_dt0p25h,14,0.25,477900,5.53125,0.114693544225636,0.112213345901942,0.00248019832369381
Nx014_dt0p25h,14,0.25,478800,5.54166666666667,0.114796898345926,0.112318958486168,0.00247793985975722
Nx014_dt0p25h,14,0.25,479700,5.55208333333333,0.114900159417546,0.112424471857004,0.00247568756054223
Nx014_dt0p25h,14,0.25,480600,5.5625,0.115003327691558,0.112529886293531,0.00247344139802685
Nx014_dt0p25h,14,0.25,481500,5.57291666666667,0.115106403417893,0.112635202073524,0.00247120134436836
Nx014_dt0p25h,14,0.25,482400,5.58333333333333,0.115209386845363,0.112740419473463,0.00246896737189997
Nx014_dt0p25h,14,0.25,483300,5.59375,0.115312278221666,0.112845538768535,0.00246673945313051
Nx014_dt0p25h,14,0.25,484200,5.60416666666667,0.115415077793393,0.112950560232651,0.00246451756074213
Nx014_dt0p25h,14,0.25,485100,5.61458333333333,0.115517785806036,0.113055484138446,0.00246230166759026
Nx014_dt0p25h,14,0.25,486000,5.625,0.115620402503993,0.113160310757293,0.00246009174670059
Nx014_dt0p25h,14,0.25,486900,5.63541666666667,0.115722928130577,0.113265040359308,0.00245788777126899
Nx014_dt0p25h,14,0.25,487800,5.64583333333333,0.115825362928021,0.113369673213362,0.00245568971465905
Nx014_dt0p25h,14,0.25,488700,5.65625,0.115927707137484,0.113474209587082,0.00245349755040196
Nx014_dt0p25h,14,0.25,489600,5.66666666666667,0.116029960999062,0.113578649746868,0.00245131125219378
Nx014_dt0p25h,14,0.25,490500,5.67708333333333,0.116132124751789,0.113682993957894,0.00244913079389497
Nx014_dt0p25h,14,0.25,491400,5.6875,0.116234198633646,0.113787242484117,0.00244695614952957
Nx014_dt0p25h,14,0.25,492300,5.69791666666667,0.11633618288157,0.113891395588288,0.00244478729328243
Nx014_dt0p25h,14,0.25,493200,5.70833333333333,0.116438077731456,0.113995453531957,0.00244262419949902
Nx014_dt0p25h,14,0.25,494100,5.71875,0.116539883418165,0.114099416575481,0.00244046684268409
Nx014_dt0p25h,14,0.25,495000,5.72916666666667,0.116641600175533,0.114203284978033,0.00243831519749962
Nx014_dt0p25h,14,0.25,495900,5.73958333333333,0.116743228236372,0.114307058997608,0.00243616923876457
Nx014_dt0p25h,14,0.25,496800,5.75,0.116844767832482,0.114410738891029,0.00243402894145331
Nx014_dt0p25h,14,0.25,497700,5.76041666666667,0.116946219194653,0.11451432491396,0.00243189428069368
Nx014_dt0p25h,14,0.25,498600,5.77083333333333,0.117047582552673,0.114617817320906,0.00242976523176684
Nx014_dt0p25h,14,0.25,499500,5.78125,0.117148858135333,0.114721216365227,0.00242764177010529
Nx014_dt0p25h,14,0.25,500400,5.79166666666667,0.117250046170433,0.114824522299141,0.00242552387129231
Nx014_dt0p25h,14,0.25,501300,5.80208333333333,0.117351146884792,0.114927735373732,0.00242341151106011
Nx014_dt0p25h,14,0.25,502200,5.8125,0.117452160504248,0.115030855838959,0.0024213046652892
Nx014_dt0p25h,14,0.25,503100,5.82291666666667,0.117553087253666,0.115133883943659,0.00241920331000693
Nx014_dt0p25h,14,0.25,504000,5.83333333333333,0.117653927356946,0.11523681993556,0.00241710742138605
Nx014_dt0p25h,14,0.25,504900,5.84375,0.117754681037026,0.115339664061282,0.00241501697574457
Nx014_dt0p25h,14,0.25,505800,5.85416666666667,0.117855348515891,0.115442416566347,0.00241293194954383
Nx014_dt0p25h,14,0.25,506700,5.86458333333333,0.117955930014574,0.115545077695187,0.00241085231938722
Nx014_dt0p25h,14,0.25,507600,5.875,0.118056425753165,0.115647647691146,0.00240877806201963
Nx014_dt0p25h,14,0.25,508500,5.88541666666667,0.118156835950819,0.115750126796492,0.00240670915432631
Nx014_dt0p25h,14,0.25,509400,5.89583333333333,0.118257160825754,0.115852515252422,0.00240464557333132
Nx014_dt0p25h,14,0.25,510300,5.90625,0.118357400595264,0.115954813299067,0.00240258729619693
Nx014_dt0p25h,14,0.25,511200,5.91666666666667,0.118457555475721,0.116057021175499,0.00240053430022213
Nx014_dt0p25h,14,0.25,512100,5.92708333333333,0.118557625682581,0.116159139119739,0.00239848656284218
Nx014_dt0p25h,14,0.25,513000,5.9375,0.11865761143039,0.116261167368763,0.00239644406162716
Nx014_dt0p25h,14,0.25,513900,5.94791666666667,0.118757512932788,0.116363106158508,0.00239440677428061
Nx014_dt0p25h,14,0.25,514800,5.95833333333333,0.118857330402517,0.116464955723878,0.00239237467863898
Nx014_dt0p25h,14,0.25,515700,5.96875,0.118957064051422,0.116566716298751,0.00239034775267072
Nx014_dt0p25h,14,0.25,516600,5.97916666666667,0.11905671409046,0.116668388115985,0.00238832597447475
Nx014_dt0p25h,14,0.25,517500,5.98958333333333,0.119156280729705,0.116769971407425,0.00238630932228016
Nx014_dt0p25h,14,0.25,518400,6,0.119255764178352,0.116871466403907,0.0023842977744449
Nx014_dt0p25h,14,0.25,519300,6.01041666666667,0.11935516464472,0.116972873335266,0.00238229130945364
Nx014_dt0p25h,14,0.25,520200,6.02083333333333,0.119454482336262,0.117074192430343,0.00238028990591946
Nx014_dt0p25h,14,0.25,521100,6.03125,0.119553717459567,0.117175423916987,0.00237829354258016
Nx014_dt0p25h,14,0.25,522000,6.04166666666667,0.119652870220365,0.117276568022066,0.00237630219829928
Nx014_dt0p25h,14,0.25,522900,6.05208333333333,0.119751940823533,0.11737762497147,0.00237431585206337
Nx014_dt0p25h,14,0.25,523800,6.0625,0.119850929473099,0.117478594990116,0.00237233448298289
Nx014_dt0p25h,14,0.25,524700,6.07291666666667,0.119949836372247,0.117579478301957,0.00237035807029036
Nx014_dt0p25h,14,0.25,525600,6.08333333333333,0.120048661723324,0.117680275129985,0.00236838659333895
Nx014_dt0p25h,14,0.25,526500,6.09375,0.120147405727842,0.117780985696239,0.00236642003160263
Nx014_dt0p25h,14,0.25,527400,6.10416666666667,0.120246068586483,0.117881610221808,0.0023644583646746
Nx014_dt0p25h,14,0.25,528300,6.11458333333333,0.120344650499106,0.11798214892684,0.00236250157226657
Nx014_dt0p25h,14,0.25,529200,6.125,0.120443151664751,0.118082602030543,0.00236054963420791
Nx014_dt0p25h,14,0.25,530100,6.13541666666667,0.120541572281642,0.118182969751197,0.00235860253044466
Nx014_dt0p25h,14,0.25,531000,6.14583333333333,0.120639912547192,0.118283252306153,0.00235666024103869
Nx014_dt0p25h,14,0.25,531900,6.15625,0.12073817265801,0.118383449911843,0.00235472274616738
Nx014_dt0p25h,14,0.25,532800,6.16666666666667,0.120836352809904,0.118483562783782,0.0023527900261215
Nx014_dt0p25h,14,0.25,533700,6.17708333333333,0.120934453197884,0.118583591136578,0.0023508620613058
Nx014_dt0p25h,14,0.25,534600,6.1875,0.12103247401617,0.118683535183933,0.00234893883223707
Nx014_dt0p25h,14,0.25,535500,6.19791666666667,0.121130415458193,0.118783395138649,0.00234702031954385
Nx014_dt0p25h,14,0.25,536400,6.20833333333333,0.121228277716603,0.118883171212637,0.00234510650396588
Nx014_dt0p25h,14,0.25,537300,6.21875,0.121326060983269,0.118982863616917,0.00234319736635266
Nx014_dt0p25h,14,0.25,538200,6.22916666666667,0.121423765449289,0.119082472561626,0.00234129288766273
Nx014_dt0p25h,14,0.25,539100,6.23958333333333,0.121521391304988,0.119181998256025,0.00233939304896305
Nx014_dt0p25h,14,0.25,540000,6.25,0.121618938739928,0.119281440908499,0.0023374978314286
Nx014_dt0p25h,14,0.25,540900,6.26041666666667,0.121716407942909,0.119380800726568,0.00233560721634071
Nx014_dt0p25h,14,0.25,541800,6.27083333333333,0.121813799101974,0.119480077916886,0.00233372118508744
Nx014_dt0p25h,14,0.25,542700,6.28125,0.121911112404414,0.119579272685252,0.00233183971916125
Nx014_dt0p25h,14,0.25,543600,6.29166666666667,0.122008348036771,0.119678385236611,0.00232996280015982
Nx014_dt0p25h,14,0.25,544500,6.30208333333333,0.122105506184843,0.119777415775059,0.00232809040978443
Nx014_dt0p25h,14,0.25,545400,6.3125,0.122202587033689,0.11987636450385,0.0023262225298389
Nx014_dt0p25h,14,0.25,546300,6.32291666666667,0.122299590767631,0.119975231625401,0.00232435914222985
Nx014_dt0p25h,14,0.25,547200,6.33333333333333,0.122396517570259,0.120074017341294,0.00232250022896535
Nx014_dt0p25h,14,0.25,548100,6.34375,0.122493367624436,0.120172721852282,0.002320645772154
Nx014_dt0p25h,14,0.25,549000,6.35416666666667,0.122590141112302,0.120271345358297,0.00231879575400476
Nx014_dt0p25h,14,0.25,549900,6.36458333333333,0.122686838215274,0.120369888058448,0.00231695015682604
Nx014_dt0p25h,14,0.25,550800,6.375,0.122783459114058,0.120468350151034,0.00231510896302436
Nx014_dt0p25h,14,0.25,551700,6.38541666666667,0.122880003988644,0.12056673183354,0.00231327215510459
Nx014_dt0p25h,14,0.25,552600,6.39583333333333,0.122976473018318,0.120665033302649,0.0023114397156689
Nx014_dt0p25h,14,0.25,553500,6.40625,0.123072866381658,0.120763254754242,0.00230961162741555
Nx014_dt0p25h,14,0.25,554400,6.41666666666667,0.123169184256545,0.120861396383406,0.00230778787313873
Nx014_dt0p25h,14,0.25,555300,6.42708333333333,0.123265426820162,0.120959458384433,0.00230596843572843
Nx014_dt0p25h,14,0.25,556200,6.4375,0.123361594249,0.121057440950832,0.00230415329816867
Nx014_dt0p25h,14,0.25,557100,6.44791666666667,0.123457686718863,0.121155344275326,0.00230234244353722
Nx014_dt0p25h,14,0.25,558000,6.45833333333333,0.123553704404868,0.121253168549863,0.00230053585500482
Nx014_dt0p25h,14,0.25,558900,6.46875,0.12364964748145,0.121350913965615,0.00229873351583526
Nx014_dt0p25h,14,0.25,559800,6.47916666666667,0.12374551612237,0.121448580712987,0.00229693540938379
Nx014_dt0p25h,14,0.25,560700,6.48958333333333,0.123841310500713,0.121546168981616,0.00229514151909711
Nx014_dt0p25h,14,0.25,561600,6.5,0.123937030788893,0.121643678960381,0.00229335182851215
Nx014_dt0p25h,14,0.25,562500,6.51041666666667,0.124032677158659,0.121741110837403,0.00229156632125584
Nx014_dt0p25h,14,0.25,563400,6.52083333333333,0.124128249781097,0.121838464800052,0.00228978498104472
Nx014_dt0p25h,14,0.25,564300,6.53125,0.124223748826633,0.121935741034949,0.0022880077916836
Nx014_dt0p25h,14,0.25,565200,6.54166666666667,0.124319174465038,0.122032939727972,0.00228623473706548
Nx014_dt0p25h,14,0.25,566100,6.55208333333333,0.12441452686543,0.122130061064259,0.00228446580117089
Nx014_dt0p25h,14,0.25,567000,6.5625,0.124509806196279,0.122227105228211,0.00228270096806715
Nx014_dt0p25h,14,0.25,567900,6.57291666666667,0.124605012625409,0.122324072403501,0.00228094022190753
Nx014_dt0p25h,14,0.25,568800,6.58333333333333,0.124700146320002,0.122420962773071,0.00227918354693132
Nx014_dt0p25h,14,0.25,569700,6.59375,0.124795207446604,0.122517776519141,0.00227743092746245
Nx014_dt0p25h,14,0.25,570600,6.60416666666667,0.124890196171123,0.122614513823213,0.00227568234790942
Nx014_dt0p25h,14,0.25,571500,6.61458333333333,0.124985112658836,0.122711174866072,0.00227393779276472
Nx014_dt0p25h,14,0.25,572400,6.625,0.125079957074395,0.122807759827791,0.00227219724660392
Nx014_dt0p25h,14,0.25,573300,6.63541666666667,0.125174729581822,0.122904268887736,0.00227046069408544
Nx014_dt0p25h,14,0.25,574200,6.64583333333333,0.125269430344521,0.123000702224571,0.00226872811994963
Nx014_dt0p25h,14,0.25,575100,6.65625,0.125364059525277,0.123097060016259,0.00226699950901849
Nx014_dt0p25h,14,0.25,576000,6.66666666666667,0.12545861728626,0.123193342440065,0.00226527484619499
Nx014_dt0p25h,14,0.25,576900,6.67708333333333,0.125553103789027,0.123289549672564,0.0022635541164629
Nx014_dt0p25h,14,0.25,577800,6.6875,0.125647519194529,0.123385681889644,0.00226183730488519
Nx014_dt0p25h,14,0.25,578700,6.69791666666667,0.12574186366311,0.123481739266505,0.00226012439660493
Nx014_dt0p25h,14,0.25,579600,6.70833333333333,0.125836137354511,0.123577721977668,0.00225841537684333
Nx014_dt0p25h,14,0.25,580500,6.71875,0.125930340427876,0.123673630196976,0.00225671023090002
Nx014_dt0p25h,14,0.25,581400,6.72916666666667,0.126024473041753,0.1237694640976,0.00225500894415287
Nx014_dt0p25h,14,0.25,582300,6.73958333333333,0.126118535354096,0.123865223852039,0.00225331150205631
Nx014_dt0p25h,14,0.25,583200,6.75,0.12621252752227,0.123960909632128,0.00225161789014199
Nx014_dt0p25h,14,0.25,584100,6.76041666666667,0.126306449703053,0.124056521609036,0.00224992809401731
Nx014_dt0p25h,14,0.25,585000,6.77083333333333,0.126400302052641,0.124152059953276,0.00224824209936525
Nx014_dt0p25h,14,0.25,585900,6.78125,0.126494084726649,0.124247524834705,0.00224655989194475
Nx014_dt0p25h,14,0.25,586800,6.79166666666667,0.126587797880114,0.124342916422526,0.00224488145758822
Nx014_dt0p25h,14,0.25,587700,6.80208333333333,0.126681441667498,0.124438234885295,0.00224320678220316
Nx014_dt0p25h,14,0.25,588600,6.8125,0.126775016242694,0.124533480390924,0.00224153585177009
Nx014_dt0p25h,14,0.25,589500,6.82291666666667,0.126868521759023,0.12462865310668,0.0022398686523428
Nx014_dt0p25h,14,0.25,590400,6.83333333333333,0.126961958369244,0.124723753199196,0.00223820517004814
Nx014_dt0p25h,14,0.25,591300,6.84375,0.127055326225551,0.124818780834467,0.00223654539108452
Nx014_dt0p25h,14,0.25,592200,6.85416666666667,0.127148625479579,0.124913736177857,0.00223488930172225
Nx014_dt0p25h,14,0.25,593100,6.86458333333333,0.127241856282407,0.125008619394104,0.00223323688830332
Nx014_dt0p25h,14,0.25,594000,6.875,0.127335018784559,0.125103430647319,0.00223158813723939
Nx014_dt0p25h,14,0.25,594900,6.88541666666667,0.127428113136007,0.125198170100994,0.0022299430350135
Nx014_dt0p25h,14,0.25,595800,6.89583333333333,0.127521139486177,0.125292837917999,0.00222830156817783
Nx014_dt0p25h,14,0.25,596700,6.90625,0.127614097983948,0.125387434260594,0.00222666372335403
Nx014_dt0p25h,14,0.25,597600,6.91666666666667,0.127706988777656,0.125481959290423,0.0022250294872328
Nx014_dt0p25h,14,0.25,598500,6.92708333333333,0.127799812015098,0.125576413168525,0.00222339884657277
Nx014_dt0p25h,14,0.25,599400,6.9375,0.127892567843533,0.125670796055331,0.00222177178820115
Nx014_dt0p25h,14,0.25,600300,6.94791666666667,0.127985256409686,0.125765108110674,0.00222014829901196
Nx014_dt0p25h,14,0.25,601200,6.95833333333333,0.12807787785975,0.125859349493783,0.00221852836596709
Nx014_dt0p25h,14,0.25,602100,6.96875,0.128170432339389,0.125953520363294,0.00221691197609461
Nx014_dt0p25h,14,0.25,603000,6.97916666666667,0.12826291999374,0.126047620877252,0.00221529911648832
Nx014_dt0p25h,14,0.25,603900,6.98958333333333,0.128355340967418,0.12614165119311,0.00221368977430894
Nx014_dt0p25h,14,0.25,604800,7,0.128447695404516,0.126235611467735,0.00221208393678135
Nx014_dt0p25h,14,0.25,605700,7.01041666666667,0.128539983448607,0.126329501857411,0.00221048159119611
Nx014_dt0p25h,14,0.25,606600,7.02083333333333,0.128632205242749,0.126423322517841,0.00220888272490799
Nx014_dt0p25h,14,0.25,607500,7.03125,0.128724360929489,0.126517073604154,0.00220728732533534
Nx014_dt0p25h,14,0.25,608400,7.04166666666667,0.128816450650861,0.126610755270899,0.00220569537996143
Nx014_dt0p25h,14,0.25,609300,7.05208333333333,0.12890847454839,0.126704367672059,0.00220410687633113
Nx014_dt0p25h,14,0.25,610200,7.0625,0.129000432763097,0.126797910961044,0.00220252180205319
Nx014_dt0p25h,14,0.25,611100,7.07291666666667,0.129092325435501,0.126891385290703,0.0022009401447986
Nx014_dt0p25h,14,0.25,612000,7.08333333333333,0.129184152705619,0.126984790813318,0.00219936189230036
Nx014_dt0p25h,14,0.25,612900,7.09375,0.129275914712969,0.127078127680616,0.00219778703235279
Nx014_dt0p25h,14,0.25,613800,7.10416666666667,0.129367611596574,0.127171396043763,0.00219621555281141
Nx014_dt0p25h,14,0.25,614700,7.11458333333333,0.129459243494966,0.127264596053373,0.00219464744159306
Nx014_dt0p25h,14,0.25,615600,7.125,0.129550810546184,0.12735772785951,0.00219308268667437
Nx014_dt0p25h,14,0.25,616500,7.13541666666667,0.12964231288778,0.127450791611687,0.00219152127609265
Nx014_dt0p25h,14,0.25,617400,7.14583333333333,0.129733750656818,0.127543787458874,0.00218996319794434
Nx014_dt0p25h,14,0.25,618300,7.15625,0.129825123989881,0.127636715549496,0.00218840844038504
Nx014_dt0p25h,14,0.25,619200,7.16666666666667,0.129916433023071,0.127729576031441,0.00218685699162996
Nx014_dt0p25h,14,0.25,620100,7.17708333333333,0.13000767789201,0.127822369052057,0.00218530883995216
Nx014_dt0p25h,14,0.25,621000,7.1875,0.130098858731843,0.12791509475816,0.00218376397368311
Nx014_dt0p25h,14,0.25,621900,7.19791666666667,0.130189975677243,0.128007753296032,0.00218222238121174
Nx014_dt0p25h,14,0.25,622800,7.20833333333333,0.130281028862412,0.128100344811427,0.00218068405098495
Nx014_dt0p25h,14,0.25,623700,7.21875,0.130372018421078,0.128192869449572,0.00217914897150615
Nx014_dt0p25h,14,0.25,624600,7.22916666666667,0.130462944486508,0.128285327355172,0.00217761713133574
Nx014_dt0p25h,14,0.25,625500,7.23958333333333,0.1305538071915,0.12837771867241,0.0021760885190899
Nx014_dt0p25h,14,0.25,626400,7.25,0.130644606668391,0.128470043544949,0.00217456312344194
Nx014_dt0p25h,14,0.25,627300,7.26041666666667,0.130735343049058,0.128562302115938,0.0021730409331194
Nx014_dt0p25h,14,0.25,628200,7.27083333333333,0.130826016464919,0.128654494528013,0.00217152193690595
Nx014_dt0p25h,14,0.25,629100,7.28125,0.130916627046937,0.128746620923297,0.00217000612363974
Nx014_dt0p25h,14,0.25,630000,7.29166666666667,0.131007174925621,0.128838681443408,0.00216849348221379
Nx014_dt0p25h,14,0.25,630900,7.30208333333333,0.13109766023103,0.128930676229455,0.00216698400157506
Nx014_dt0p25h,14,0.25,631800,7.3125,0.131188083092772,0.129022605422047,0.00216547767072481
Nx014_dt0p25h,14,0.25,632700,7.32291666666667,0.131278443640008,0.129114469161291,0.00216397447871702
Nx014_dt0p25h,14,0.25,633600,7.33333333333333,0.131368742001455,0.129206267586795,0.00216247441465978
Nx014_dt0p25h,14,0.25,634500,7.34375,0.131458978305388,0.129298000837674,0.00216097746771368
Nx014_dt0p25h,14,0.25,635400,7.35416666666667,0.13154915267964,0.129389669052548,0.00215948362709178
Nx014_dt0p25h,14,0.25,636300,7.36458333333333,0.131639265251606,0.129481272369546,0.0021579928820594
Nx014_dt0p25h,14,0.25,637200,7.375,0.131729316148244,0.12957281092631,0.00215650522193378
Nx014_dt0p25h,14,0.25,638100,7.38541666666667,0.131819305496079,0.129664284859995,0.00215502063608369
Nx014_dt0p25h,14,0.25,639000,7.39583333333333,0.131909233421203,0.129755694307274,0.0021535391139294
Nx014_dt0p25h,14,0.25,639900,7.40625,0.131999100049278,0.129847039404337,0.00215206064494156
Nx014_dt0p25h,14,0.25,640800,7.41666666666667,0.132088905505538,0.129938320286896,0.00215058521864223
Nx014_dt0p25h,14,0.25,641700,7.42708333333333,0.132178649914791,0.130029537090188,0.0021491128246027
Nx014_dt0p25h,14,0.25,642600,7.4375,0.132268333401421,0.130120689948975,0.00214764345244556
Nx014_dt0p25h,14,0.25,643500,7.44791666666667,0.132357956089389,0.130211778997547,0.00214617709184189
Nx014_dt0p25h,14,0.25,644400,7.45833333333333,0.132447518102237,0.130302804369724,0.00214471373251299
Nx014_dt0p25h,14,0.25,645300,7.46875,0.13253701956309,0.130393766198862,0.0021432533642286
Nx014_dt0p25h,14,0.25,646200,7.47916666666667,0.132626460594655,0.130484664617847,0.00214179597680797
Nx014_dt0p25h,14,0.25,647100,7.48958333333333,0.132715841319226,0.130575499759108,0.00214034156011791
Nx014_dt0p25h,14,0.25,648000,7.5,0.132805161858684,0.130666271754609,0.00213889010407431
Nx014_dt0p25h,14,0.25,648900,7.51041666666667,0.1328944223345,0.13075698073586,0.00213744159864029
Nx014_dt0p25h,14,0.25,649800,7.52083333333333,0.132983622867739,0.130847626833912,0.00213599603382711
Nx014_dt0p25h,14,0.25,650700,7.53125,0.133072763579057,0.130938210179365,0.00213455339969276
Nx014_dt0p25h,14,0.25,651600,7.54166666666667,0.133161844588707,0.131028730902364,0.00213311368634259
Nx014_dt0p25h,14,0.25,652500,7.55208333333333,0.133250866016537,0.131119189132609,0.00213167688392873
Nx014_dt0p25h,14,0.25,653400,7.5625,0.133339827981999,0.131209584999349,0.0021302429826496
Nx014_dt0p25h,14,0.25,654300,7.57291666666667,0.133428730604142,0.131299918631392,0.00212881197274981
Nx014_dt0p25h,14,0.25,655200,7.58333333333333,0.13351757400162,0.1313901901571,0.00212738384451999
Nx014_dt0p25h,14,0.25,656100,7.59375,0.133606358292691,0.131480399704395,0.00212595858829601
Nx014_dt0p25h,14,0.25,657000,7.60416666666667,0.133695083595222,0.131570547400762,0.00212453619445971
Nx014_dt0p25h,14,0.25,657900,7.61458333333333,0.133783750026686,0.131660633373248,0.00212311665343737
Nx014_dt0p25h,14,0.25,658800,7.625,0.133872357704167,0.131750657748466,0.00212169995570061
Nx014_dt0p25h,14,0.25,659700,7.63541666666667,0.133960906744363,0.131840620652598,0.00212028609176484
Nx014_dt0p25h,14,0.25,660600,7.64583333333333,0.134049397263584,0.131930522211393,0.00211887505219038
Nx014_dt0p25h,14,0.25,661500,7.65625,0.134137829377756,0.132020362550175,0.00211746682758138
Nx014_dt0p25h,14,0.25,662400,7.66666666666667,0.134226203202425,0.132110141793839,0.00211606140858558
Nx014_dt0p25h,14,0.25,663300,7.67708333333333,0.134314518852753,0.132199860066858,0.00211465878589412
Nx014_dt0p25h,14,0.25,664200,7.6875,0.134402776443525,0.132289517493283,0.00211325895024181
Nx014_dt0p25h,14,0.25,665100,7.69791666666667,0.134490976089149,0.132379114196743,0.00211186189240575
Nx014_dt0p25h,14,0.25,666000,7.70833333333333,0.134579117903657,0.13246865030045,0.00211046760320635
Nx014_dt0p25h,14,0.25,666900,7.71875,0.134667202000707,0.132558125927201,0.00210907607350591
Nx014_dt0p25h,14,0.25,667800,7.72916666666667,0.134755228493586,0.132647541199377,0.00210768729420924
Nx014_dt0p25h,14,0.25,668700,7.73958333333333,0.13484319749521,0.132736896238947,0.00210630125626313
Nx014_dt0p25h,14,0.25,669600,7.75,0.134931109118127,0.132826191167472,0.00210491795065584
Nx014_dt0p25h,14,0.25,670500,7.76041666666667,0.135018963474518,0.132915426106101,0.00210353736841726
Nx014_dt0p25h,14,0.25,671400,7.77083333333333,0.135106760676198,0.13300460117558,0.00210215950061826
Nx014_dt0p25h,14,0.25,672300,7.78125,0.135194500834619,0.133093716496248,0.00210078433837113
Nx014_dt0p25h,14,0.25,673200,7.79166666666667,0.135282184060872,0.133182772188044,0.00209941187282781
Nx014_dt0p25h,14,0.25,674100,7.80208333333333,0.135369810465685,0.133271768370503,0.00209804209518208
Nx014_dt0p25h,14,0.25,675000,7.8125,0.135457380159432,0.133360705162764,0.00209667499666721
Nx014_dt0p25h,14,0.25,675900,7.82291666666667,0.135544893252124,0.133449582683568,0.00209531056855627
Nx014_dt0p25h,14,0.25,676800,7.83333333333333,0.135632349853423,0.13353840105126,0.00209394880216288
Nx014_dt0p25h,14,0.25,677700,7.84375,0.135719750072632,0.133627160383792,0.00209258968883938
Nx014_dt0p25h,14,0.25,678600,7.85416666666667,0.135807094018704,0.133715860798727,0.00209123321997742
Nx014_dt0p25h,14,0.25,679500,7.86458333333333,0.135894381800243,0.133804502413234,0.00208987938700864
Nx014_dt0p25h,14,0.25,680400,7.875,0.1359816135255,0.133893085344098,0.00208852818140251
Nx014_dt0p25h,14,0.25,681300,7.88541666666667,0.136068789302383,0.133981609707715,0.00208717959466759
Nx014_dt0p25h,14,0.25,682200,7.89583333333333,0.13615590923845,0.134070075620099,0.00208583361835088
Nx014_dt0p25h,14,0.25,683100,7.90625,0.136242973440918,0.134158483196881,0.00208449024403726
Nx014_dt0p25h,14,0.25,684000,7.91666666666667,0.13632998201666,0.13424683255331,0.00208314946335006
Nx014_dt0p25h,14,0.25,684900,7.92708333333333,0.136416935072207,0.134335123804258,0.00208181126794937
Nx014_dt0p25h,14,0.25,685800,7.9375,0.136503832713751,0.134423357064216,0.00208047564953406
Nx014_dt0p25h,14,0.25,686700,7.94791666666667,0.136590675047145,0.134511532447306,0.00207914259983916
Nx014_dt0p25h,14,0.25,687600,7.95833333333333,0.136677462177906,0.134599650067269,0.00207781211063765
Nx014_dt0p25h,14,0.25,688500,7.96875,0.136764194211217,0.134687710037478,0.00207648417373876
Nx014_dt0p25h,14,0.25,689400,7.97916666666667,0.136850871251925,0.134775712470936,0.0020751587809886
Nx014_dt0p25h,14,0.25,690300,7.98958333333333,0.136937493404546,0.134863657480276,0.00207383592426991
Nx014_dt0p25h,14,0.25,691200,8,0.137024060773264,0.134951545177763,0.00207251559550112
Nx014_dt0p25h,14,0.25,692100,8.01041666666667,0.137110573461936,0.135039375675299,0.00207119778663731
Nx014_dt0p25h,14,0.25,693000,8.02083333333333,0.13719703157409,0.135127149084421,0.00206988248966902
Nx014_dt0p25h,14,0.25,693900,8.03125,0.137283435212926,0.135214865516303,0.00206856969662242
Nx014_dt0p25h,14,0.25,694800,8.04166666666667,0.13736978448132,0.135302525081761,0.00206725939955929
Nx014_dt0p25h,14,0.25,695700,8.05208333333333,0.137456079481827,0.135390127891251,0.00206595159057654
Nx014_dt0p25h,14,0.25,696600,8.0625,0.137542320316677,0.135477674054871,0.00206464626180569
Nx014_dt0p25h,14,0.25,697500,8.07291666666667,0.137628507087779,0.135565163682366,0.00206334340541384
Nx014_dt0p25h,14,0.25,698400,8.08333333333333,0.137714639896725,0.135652596883124,0.00206204301360186
Nx014_dt0p25h,14,0.25,699300,8.09375,0.137800718844788,0.135739973766183,0.00206074507860551
Nx014_dt0p25h,14,0.25,700200,8.10416666666667,0.137886744032924,0.135827294440229,0.00205944959269488
Nx014_dt0p25h,14,0.25,701100,8.11458333333333,0.137972715561773,0.1359145590136,0.00205815654817368
Nx014_dt0p25h,14,0.25,702000,8.125,0.138058633531665,0.136001767594285,0.00205686593737989
Nx014_dt0p25h,14,0.25,702900,8.13541666666667,0.138144498042614,0.136088920289929,0.00205557775268478
Nx014_dt0p25h,14,0.25,703800,8.14583333333333,0.138230309194323,0.13617601720783,0.0020542919864931
Nx014_dt0p25h,14,0.25,704700,8.15625,0.138316067086189,0.136263058454946,0.00205300863124319
Nx014_dt0p25h,14,0.25,705600,8.16666666666667,0.138401771817296,0.13635004413789,0.00205172767940606
Nx014_dt0p25h,14,0.25,706500,8.17708333333333,0.138487423486425,0.136436974362939,0.0020504491234857
Nx014_dt0p25h,14,0.25,707400,8.1875,0.138573022192048,0.136523849236029,0.002049172956019
Nx014_dt0p25h,14,0.25,708300,8.19791666666667,0.138658568032335,0.13661066886276,0.00204789916957548
Nx014_dt0p25h,14,0.25,709200,8.20833333333333,0.138744061105153,0.136697433348396,0.00204662775675635
Nx014_dt0p25h,14,0.25,710100,8.21875,0.138829501508065,0.136784142797869,0.00204535871019568
Nx014_dt0p25h,14,0.25,711000,8.22916666666667,0.138914889338336,0.136870797315777,0.00204409202255909
Nx014_dt0p25h,14,0.25,711900,8.23958333333333,0.139000224692932,0.136957397006388,0.0020428276865444
Nx014_dt0p25h,14,0.25,712800,8.25,0.139085507668519,0.137043941973638,0.00204156569488059
Nx014_dt0p25h,14,0.25,713700,8.26041666666667,0.139170738361468,0.137130432321139,0.00204030604032832
Nx014_dt0p25h,14,0.25,714600,8.27083333333333,0.139255916867854,0.137216868152174,0.00203904871567959
Nx014_dt0p25h,14,0.25,715500,8.28125,0.139341043283459,0.137303249569702,0.00203779371375731
Nx014_dt0p25h,14,0.25,716400,8.29166666666667,0.139426117703773,0.137389576676357,0.00203654102741566
Nx014_dt0p25h,14,0.25,717300,8.30208333333333,0.13951114022399,0.137475849574452,0.00203529064953897
Nx014_dt0p25h,14,0.25,718200,8.3125,0.13959611093902,0.137562068365978,0.00203404257304279
Nx014_dt0p25h,14,0.25,719100,8.32291666666667,0.13968102994348,0.137648233152607,0.00203279679087282
Nx014_dt0p25h,14,0.25,720000,8.33333333333333,0.1397658973317,0.137734344035695,0.00203155329600493
Nx014_dt0p25h,14,0.25,720900,8.34375,0.139850713197724,0.137820401116278,0.00203031208144513
Nx014_dt0p25h,14,0.25,721800,8.35416666666667,0.139935477635309,0.13790640449508,0.00202907314022943
Nx014_dt0p25h,14,0.25,722700,8.36458333333333,0.140020190737931,0.137992354272507,0.00202783646542357
Nx014_dt0p25h,14,0.25,723600,8.375,0.14010485259878,0.138078250548657,0.00202660205012278
Nx014_dt0p25h,14,0.25,724500,8.38541666666667,0.140189463310767,0.138164093423315,0.00202536988745189
Nx014_dt0p25h,14,0.25,725400,8.39583333333333,0.140274022966519,0.138249882995954,0.00202413997056472
Nx014_dt0p25h,14,0.25,726300,8.40625,0.140358531658387,0.138335619365743,0.00202291229264423
Nx014_dt0p25h,14,0.25,727200,8.41666666666667,0.140442989478443,0.13842130263154,0.00202168684690279
Nx014_dt0p25h,14,0.25,728100,8.42708333333333,0.14052739651848,0.138506932891899,0.00202046362658112
Nx014_dt0p25h,14,0.25,729000,8.4375,0.140611752870018,0.13859251024507,0.00201924262494846
Nx014_dt0p25h,14,0.25,729900,8.44791666666667,0.140696058624301,0.138678034788997,0.00201802383530314
Nx014_dt0p25h,14,0.25,730800,8.45833333333333,0.140780313872298,0.138763506621327,0.00201680725097106
Nx014_dt0p25h,14,0.25,731700,8.46875,0.140864518704708,0.138848925839402,0.00201559286530673
Nx014_dt0p25h,14,0.25,732600,8.47916666666667,0.140948673211959,0.138934292540266,0.00201438067169288
Nx014_dt0p25h,14,0.25,733500,8.48958333333333,0.141032777484207,0.139019606820667,0.00201317066353937
Nx014_dt0p25h,14,0.25,734400,8.5,0.141116831611339,0.139104868777055,0.00201196283428437
Nx014_dt0p25h,14,0.25,735300,8.51041666666667,0.141200835682976,0.139190078505582,0.00201075717739374
Nx014_dt0p25h,14,0.25,736200,8.52083333333333,0.141284789788471,0.139275236102111,0.00200955368636002
Nx014_dt0p25h,14,0.25,737100,8.53125,0.141368694016912,0.139360341662208,0.00200835235470367
Nx014_dt0p25h,14,0.25,738000,8.54166666666667,0.141452548457122,0.13944539528115,0.00200715317597208
Nx014_dt0p25h,14,0.25,738900,8.55208333333333,0.14153635319766,0.139530397053921,0.00200595614373958
Nx014_dt0p25h,14,0.25,739800,8.5625,0.141620108326825,0.139615347075217,0.00200476125160734
Nx014_dt0p25h,14,0.25,740700,8.57291666666667,0.141703813932651,0.139700245439448,0.00200356849320318
Nx014_dt0p25h,14,0.25,741600,8.58333333333333,0.141787470102916,0.139785092240735,0.00200237786218146
Nx014_dt0p25h,14,0.25,742500,8.59375,0.141871076925136,0.139869887572913,0.00200118935222329
Nx014_dt0p25h,14,0.25,743400,8.60416666666667,0.14195463448657,0.139954631529535,0.00200000295703534
Nx014_dt0p25h,14,0.25,744300,8.61458333333333,0.142038142874221,0.14003932420387,0.00199881867035112
Nx014_dt0p25h,14,0.25,745200,8.625,0.142121602174833,0.140123965688904,0.00199763648592949
Nx014_dt0p25h,14,0.25,746100,8.63541666666667,0.1422050124749,0.140208556077344,0.00199645639755563
Nx014_dt0p25h,14,0.25,747000,8.64583333333333,0.142288373860657,0.140293095461617,0.00199527839904026
Nx014_dt0p25h,14,0.25,747900,8.65625,0.14237168641809,0.140377583933871,0.00199410248421952
Nx014_dt0p25h,14,0.25,748800,8.66666666666667,0.142454950232933,0.140462021585977,0.00199292864695519
Nx014_dt0p25h,14,0.25,749700,8.67708333333333,0.142538165390666,0.140546408509532,0.0019917568811342
Nx014_dt0p25h,14,0.25,750600,8.6875,0.142621331976524,0.140630744795855,0.00199058718066897
Nx014_dt0p25h,14,0.25,751500,8.69791666666667,0.142704450075489,0.140715030535993,0.00198941953949636
Nx014_dt0p25h,14,0.25,752400,8.70833333333333,0.1427875197723,0.140799265820721,0.00198825395157864
Nx014_dt0p25h,14,0.25,753300,8.71875,0.142870541151444,0.140883450740542,0.00198709041090259
Nx014_dt0p25h,14,0.25,754200,8.72916666666667,0.142953514297168,0.140967585385688,0.00198592891147972
Nx014_dt0p25h,14,0.25,755100,8.73958333333333,0.14303643929347,0.141051669846123,0.0019847694473463
Nx014_dt0p25h,14,0.25,756000,8.75,0.143119316224106,0.141135704211544,0.00198361201256203
Nx014_dt0p25h,14,0.25,756900,8.76041666666667,0.14320214517259,0.141219688571378,0.00198245660121207
Nx014_dt0p25h,14,0.25,757800,8.77083333333333,0.143284926222194,0.141303623014789,0.00198130320740514
Nx014_dt0p25h,14,0.25,758700,8.78125,0.143367659455949,0.141387507630675,0.00198015182527378
Nx014_dt0p25h,14,0.25,759600,8.79166666666667,0.143450344956646,0.141471342507671,0.00197900244897475
Nx014_dt0p25h,14,0.25,760500,8.80208333333333,0.143532982806838,0.141555127734149,0.00197785507268824
Nx014_dt0p25h,14,0.25,761400,8.8125,0.143615573088839,0.141638863398221,0.00197670969061831
Nx014_dt0p25h,14,0.25,762300,8.82291666666667,0.143698115884729,0.141722549587737,0.00197556629699253
Nx014_dt0p25h,14,0.25,763200,8.83333333333333,0.143780611276349,0.141806186390288,0.0019744248860617
Nx014_dt0p25h,14,0.25,764100,8.84375,0.143863059345307,0.141889773893208,0.00197328545209968
Nx014_dt0p25h,14,0.25,765000,8.85416666666667,0.143945460172977,0.141973312183573,0.00197214798940409
Nx014_dt0p25h,14,0.25,765900,8.86458333333333,0.144027813840497,0.142056801348203,0.00197101249229487
Nx014_dt0p25h,14,0.25,766800,8.875,0.144110120428778,0.142140241473663,0.00196987895511538
Nx014_dt0p25h,14,0.25,767700,8.88541666666667,0.144192380018496,0.142223632646265,0.00196874737223118
Nx014_dt0p25h,14,0.25,768600,8.89583333333333,0.144274592690099,0.142306974952067,0.00196761773803134
Nx014_dt0p25h,14,0.25,769500,8.90625,0.144356758523803,0.142390268476876,0.00196649004692673
Nx014_dt0p25h,14,0.25,770400,8.91666666666667,0.144438877599598,0.142473513306247,0.00196536429335065
Nx014_dt0p25h,14,0.25,771300,8.92708333333333,0.144520949997246,0.142556709525486,0.00196424047175936
Nx014_dt0p25h,14,0.25,772200,8.9375,0.144602975796282,0.142639857219651,0.00196311857663065
Nx014_dt0p25h,14,0.25,773100,8.94791666666667,0.144684955076015,0.14272295647355,0.00196199860246477
Nx014_dt0p25h,14,0.25,774000,8.95833333333333,0.144766887915531,0.142806007371747,0.00196088054378368
Nx014_dt0p25h,14,0.25,774900,8.96875,0.144848774393689,0.142889009998558,0.0019597643951314
Nx014_dt0p25h,14,0.25,775800,8.97916666666667,0.144930614589129,0.142971964438055,0.00195865015107352
Nx014_dt0p25h,14,0.25,776700,8.98958333333333,0.145012408580264,0.143054870774067,0.00195753780619751
Nx014_dt0p25h,14,0.25,777600,9,0.145094156445291,0.143137729090179,0.00195642735511198
Nx014_dt0p25h,14,0.25,778500,9.01041666666667,0.145175858262182,0.143220539469735,0.00195531879244726
Nx014_dt0p25h,14,0.25,779400,9.02083333333333,0.145257514108693,0.143303301995838,0.00195421211285501
Nx014_dt0p25h,14,0.25,780300,9.03125,0.145339124062359,0.143386016751352,0.00195310731100773
Nx014_dt0p25h,14,0.25,781200,9.04166666666667,0.145420688200499,0.1434686838189,0.00195200438159954
Nx014_dt0p25h,14,0.25,782100,9.05208333333333,0.145502206600213,0.143551303280868,0.00195090331934492
Nx014_dt0p25h,14,0.25,783000,9.0625,0.145583679338387,0.143633875219407,0.00194980411897963
Nx014_dt0p25h,14,0.25,783900,9.07291666666667,0.14566510649169,0.14371639971643,0.00194870677526016
Nx014_dt0p25h,14,0.25,784800,9.08333333333333,0.145746488136579,0.143798876853615,0.00194761128296353
Nx014_dt0p25h,14,0.25,785700,9.09375,0.145827824349294,0.143881306712407,0.00194651763688744
Nx014_dt0p25h,14,0.25,786600,9.10416666666667,0.145909115205865,0.143963689374016,0.0019454258318497
Nx014_dt0p25h,14,0.25,787500,9.11458333333333,0.14599036078211,0.144046024919421,0.00194433586268933
Nx014_dt0p25h,14,0.25,788400,9.125,0.146071561153635,0.144128313429371,0.0019432477242643
Nx014_dt0p25h,14,0.25,789300,9.13541666666667,0.146152716395835,0.144210554984381,0.00194216141145392
Nx014_dt0p25h,14,0.25,790200,9.14583333333333,0.146233826583898,0.144292749664741,0.00194107691915688
Nx014_dt0p25h,14,0.25,791100,9.15625,0.146314891792801,0.144374897550509,0.00193999424229219
Nx014_dt0p25h,14,0.25,792000,9.16666666666667,0.146395912097315,0.144456998721517,0.00193891337579827
Nx014_dt0p25h,14,0.25,792900,9.17708333333333,0.146476887572003,0.14453905325737,0.00193783431463324
Nx014_dt0p25h,14,0.25,793800,9.1875,0.146557818291222,0.144621061237446,0.00193675705377569
Nx014_dt0p25h,14,0.25,794700,9.19791666666667,0.146638704329123,0.1447030227409,0.00193568158822283
Nx014_dt0p25h,14,0.25,795600,9.20833333333333,0.146719545759654,0.144784937846662,0.00193460791299183
Nx014_dt0p25h,14,0.25,796500,9.21875,0.146800342656558,0.144866806633439,0.00193353602311902
Nx014_dt0p25h,14,0.25,797400,9.22916666666667,0.146881095093375,0.144948629179715,0.00193246591365986
Nx014_dt0p25h,14,0.25,798300,9.23958333333333,0.146961803143443,0.145030405563753,0.00193139757968949
Nx014_dt0p25h,14,0.25,799200,9.25,0.147042466879898,0.145112135863597,0.00193033101630116
Nx014_dt0p25h,14,0.25,800100,9.26041666666667,0.147123086375677,0.145193820157069,0.00192926621860814
Nx014_dt0p25h,14,0.25,801000,9.27083333333333,0.147203661703516,0.145275458521774,0.00192820318174203
Nx014_dt0p25h,14,0.25,801900,9.28125,0.147284192935951,0.145357051035098,0.00192714190085305
Nx014_dt0p25h,14,0.25,802800,9.29166666666667,0.14736468014532,0.145438597774209,0.00192608237111075
Nx014_dt0p25h,14,0.25,803700,9.30208333333333,0.147445123403764,0.145520098816062,0.0019250245877023
Nx014_dt0p25h,14,0.25,804600,9.3125,0.147525522783228,0.145601554237394,0.00192396854583432
Nx014_dt0p25h,14,0.25,805500,9.32291666666667,0.147605878355459,0.145682964114727,0.00192291424073149
Nx014_dt0p25h,14,0.25,806400,9.33333333333333,0.147686190192008,0.145764328524372,0.00192186166763661
Nx014_dt0p25h,14,0.25,807300,9.34375,0.147766458364236,0.145845647542425,0.00192081082181059
Nx014_dt0p25h,14,0.25,808200,9.35416666666667,0.147846682943304,0.14592692124477,0.00191976169853339
Nx014_dt0p25h,14,0.25,809100,9.36458333333333,0.147926864000183,0.146008149707082,0.00191871429310178
Nx014_dt0p25h,14,0.25,810000,9.375,0.148007001605653,0.146089333004822,0.00191766860083137
Nx014_dt0p25h,14,0.25,810900,9.38541666666667,0.148087095830299,0.146170471213244,0.00191662461705541
Nx014_dt0p25h,14,0.25,811800,9.39583333333333,0.148167146744518,0.146251564407393,0.00191558233712466
Nx014_dt0p25h,14,0.25,812700,9.40625,0.148247154418514,0.146332612662106,0.00191454175640796
Nx014_dt0p25h,14,0.25,813600,9.41666666666667,0.148327118922304,0.146413616052012,0.00191350287029174
Nx014_dt0p25h,14,0.25,814500,9.42708333333333,0.148407040325715,0.146494574651535,0.00191246567417952
Nx014_dt0p25h,14,0.25,815400,9.4375,0.148486918698385,0.146575488534892,0.00191143016349282
Nx014_dt0p25h,14,0.25,816300,9.44791666666667,0.148566754109766,0.146656357776096,0.00191039633367007
Nx014_dt0p25h,14,0.25,817200,9.45833333333333,0.148646546629123,0.146737182448956,0.00190936418016713
Nx014_dt0p25h,14,0.25,818100,9.46875,0.148726296325536,0.146817962627078,0.00190833369845744
Nx014_dt0p25h,14,0.25,819000,9.47916666666667,0.148806003267897,0.146898698383867,0.00190730488403074
Nx014_dt0p25h,14,0.25,819900,9.48958333333333,0.148885667524916,0.146979389792522,0.00190627773239438
Nx014_dt0p25h,14,0.25,820800,9.5,0.148965289165119,0.147060036926046,0.00190525223907248
Nx014_dt0p25h,14,0.25,821700,9.51041666666667,0.149044868256846,0.14714063985724,0.00190422839960641
Nx014_dt0p25h,14,0.25,822600,9.52083333333333,0.149124404868258,0.147221198658705,0.00190320620955309
Nx014_dt0p25h,14,0.25,823500,9.53125,0.149203899067332,0.147301713402844,0.00190218566448785
Nx014_dt0p25h,14,0.25,824400,9.54166666666667,0.149283350921865,0.147382184161864,0.00190116676000116
Nx014_dt0p25h,14,0.25,825300,9.55208333333333,0.149362760499473,0.147462611007772,0.00190014949170092
Nx014_dt0p25h,14,0.25,826200,9.5625,0.149442127867591,0.14754299401238,0.00189913385521093
Nx014_dt0p25h,14,0.25,827100,9.57291666666667,0.149521453093477,0.147623333247305,0.0018981198461718
Nx014_dt0p25h,14,0.25,828000,9.58333333333333,0.14960073624421,0.14770362878397,0.00189710746024027
Nx014_dt0p25h,14,0.25,828900,9.59375,0.14967997738669,0.147783880693601,0.00189609669308935
Nx014_dt0p25h,14,0.25,829800,9.60416666666667,0.149759176587641,0.147864089047233,0.00189508754040776
Nx014_dt0p25h,14,0.25,830700,9.61458333333333,0.14983833391361,0.147944253915709,0.00189407999790103
Nx014_dt0p25h,14,0.25,831600,9.625,0.149917449430968,0.148024375369678,0.00189307406129
Nx014_dt0p25h,14,0.25,832500,9.63541666666667,0.149996523205912,0.1481044534796,0.00189206972631167
Nx014_dt0p25h,14,0.25,833400,9.64583333333333,0.150075555304462,0.148184488315743,0.00189106698871913
Nx014_dt0p25h,14,0.25,834300,9.65625,0.150154545792467,0.148264479948186,0.001890065844281
Nx014_dt0p25h,14,0.25,835200,9.66666666666667,0.150233494735601,0.14834442844682,0.00188906628878119
Nx014_dt0p25h,14,0.25,836100,9.67708333333333,0.150312402199366,0.148424333881346,0.00188806831801983
Nx014_dt0p25h,14,0.25,837000,9.6875,0.150391268249091,0.148504196321278,0.00188707192781248
Nx014_dt0p25h,14,0.25,837900,9.69791666666667,0.150470092949934,0.148584015835944,0.00188607711399003
Nx014_dt0p25h,14,0.25,838800,9.70833333333333,0.150548876366884,0.148663792494486,0.00188508387239861
Nx014_dt0p25h,14,0.25,839700,9.71875,0.150627618564758,0.148743526365859,0.00188409219889982
Nx014_dt0p25h,14,0.25,840600,9.72916666666667,0.150706319608204,0.148823217518834,0.00188310208937045
Nx014_dt0p25h,14,0.25,841500,9.73958333333333,0.150784979561702,0.148902866021999,0.00188211353970241
Nx014_dt0p25h,14,0.25,842400,9.75,0.150863598489562,0.148982471943758,0.00188112654580322
Nx014_dt0p25h,14,0.25,843300,9.76041666666667,0.150942176455927,0.149062035352332,0.00188014110359455
Nx014_dt0p25h,14,0.25,844200,9.77083333333333,0.151020713524774,0.149141556315761,0.0018791572090136
Nx014_dt0p25h,14,0.25,845100,9.78125,0.151099209759913,0.149221034901901,0.00187817485801245
Nx014_dt0p25h,14,0.25,846000,9.79166666666667,0.151177665224988,0.14930047117843,0.00187719404655778
Nx014_dt0p25h,14,0.25,846900,9.80208333333333,0.151256079983478,0.149379865212847,0.00187621477063094
Nx014_dt0p25h,14,0.25,847800,9.8125,0.151334454098697,0.149459217072469,0.00187523702622808
Nx014_dt0p25h,14,0.25,848700,9.82291666666667,0.151412787633796,0.149538526824436,0.00187426080936035
Nx014_dt0p25h,14,0.25,849600,9.83333333333333,0.151491080651761,0.149617794535708,0.00187328611605289
Nx014_dt0p25h,14,0.25,850500,9.84375,0.151569333215417,0.149697020273071,0.00187231294234527
Nx014_dt0p25h,14,0.25,851400,9.85416666666667,0.151647545387424,0.149776204103132,0.0018713412842922
Nx014_dt0p25h,14,0.25,852300,9.86458333333333,0.151725717230285,0.149855346092323,0.00187037113796162
Nx014_dt0p25h,14,0.25,853200,9.875,0.151803848806337,0.1499344463069,0.00186940249943682
Nx014_dt0p25h,14,0.25,854100,9.88541666666667,0.151881940177759,0.150013504812944,0.00186843536481443
Nx014_dt0p25h,14,0.25,855000,9.89583333333333,0.15195999140657,0.150092521676365,0.00186746973020557
Nx014_dt0p25h,14,0.25,855900,9.90625,0.15203800255463,0.150171496962894,0.00186650559173579
Nx014_dt0p25h,14,0.25,856800,9.91666666666667,0.152115973683639,0.150250430738095,0.00186554294554397
Nx014_dt0p25h,14,0.25,857700,9.92708333333333,0.15219390485514,0.150329323067356,0.00186458178778329
Nx014_dt0p25h,14,0.25,858600,9.9375,0.152271796130517,0.150408174015896,0.00186362211462104
Nx014_dt0p25h,14,0.25,859500,9.94791666666667,0.152349647570999,0.150486983648761,0.00186266392223769
Nx014_dt0p25h,14,0.25,860400,9.95833333333333,0.152427459237656,0.150565752030828,0.00186170720682804
Nx014_dt0p25h,14,0.25,861300,9.96875,0.152505231191404,0.150644479226804,0.00186075196460028
Nx014_dt0p25h,14,0.25,862200,9.97916666666667,0.152582963493004,0.150723165301228,0.00185979819177609
Nx014_dt0p25h,14,0.25,863100,9.98958333333333,0.15266065620306,0.150801810318468,0.00185884588459123
Nx014_dt0p25h,14,0.25,864000,10,0.152738309382023,0.150880414342728,0.00185789503929432
Nx014_dt0p25h,14,0.25,864900,10.0104166666667,0.15281592309019,0.150958977438042,0.00185694565214786
Nx014_dt0p25h,14,0.25,865800,10.0208333333333,0.152893497387706,0.151037499668279,0.0018559977194276
Nx014_dt0p25h,14,0.25,866700,10.03125,0.152971032334563,0.15111598109714,0.00185505123742238
Nx014_dt0p25h,14,0.25,867600,10.0416666666667,0.153048527990598,0.151194421788163,0.00185410620243473
Nx014_dt0p25h,14,0.25,868500,10.0520833333333,0.1531259844155,0.151272821804721,0.00185316261077978
Nx014_dt0p25h,14,0.25,869400,10.0625,0.153203401668807,0.15135118121002,0.00185222045878647
Nx014_dt0p25h,14,0.25,870300,10.0729166666667,0.153280779809903,0.151429500067107,0.00185127974279617
Nx014_dt0p25h,14,0.25,871200,10.0833333333333,0.153358118898026,0.151507778438863,0.00185034045916374
Nx014_dt0p25h,14,0.25,872100,10.09375,0.153435418992263,0.151586016388006,0.00184940260425662
Nx014_dt0p25h,14,0.25,873000,10.1041666666667,0.153512680151551,0.151664213977096,0.0018484661744553
Nx014_dt0p25h,14,0.25,873900,10.1145833333333,0.153589902434681,0.151742371268527,0.00184753116615341
Nx014_dt0p25h,14,0.25,874800,10.125,0.153667085900293,0.151820488324536,0.00184659757575656
Nx014_dt0p25h,14,0.25,875700,10.1354166666667,0.153744230606883,0.151898565207199,0.00184566539968392
Nx014_dt0p25h,14,0.25,876600,10.1458333333333,0.153821336612799,0.151976601978432,0.00184473463436671
Nx014_dt0p25h,14,0.25,877500,10.15625,0.153898403976242,0.152054598699992,0.00184380527624917
Nx014_dt0p25h,14,0.25,878400,10.1666666666667,0.153975432755267,0.152132555433479,0.00184287732178773
Nx014_dt0p25h,14,0.25,879300,10.1770833333333,0.154052423007785,0.152210472240333,0.00184195076745147
Nx014_dt0p25h,14,0.25,880200,10.1875,0.154129374791562,0.15228834918184,0.00184102560972199
Nx014_dt0p25h,14,0.25,881100,10.1979166666667,0.154206288164219,0.152366186319126,0.00184010184509334
Nx014_dt0p25h,14,0.25,882000,10.2083333333333,0.154283163183234,0.152443983713162,0.0018391794700712
Nx014_dt0p25h,14,0.25,882900,10.21875,0.154359999905941,0.152521741424766,0.00183825848117447
Nx014_dt0p25h,14,0.25,883800,10.2291666666667,0.154436798389532,0.152599459514598,0.00183733887493365
Nx014_dt0p25h,14,0.25,884700,10.2395833333333,0.154513558691056,0.152677138043165,0.00183642064789141
Nx014_dt0p25h,14,0.25,885600,10.25,0.154590280867422,0.152754777070819,0.00183550379660274
Nx014_dt0p25h,14,0.25,886500,10.2604166666667,0.154666964975395,0.152832376657761,0.00183458831763453
Nx014_dt0p25h,14,0.25,887400,10.2708333333333,0.154743611071602,0.152909936864036,0.00183367420756586
Nx014_dt0p25h,14,0.25,888300,10.28125,0.154820219212527,0.152987457749539,0.00183276146298747
Nx014_dt0p25h,14,0.25,889200,10.2916666666667,0.154896789454516,0.153064939374014,0.00183185008050199
Nx014_dt0p25h,14,0.25,890100,10.3020833333333,0.154973321853776,0.153142381797052,0.0018309400567241
Nx014_dt0p25h,14,0.25,891000,10.3125,0.155049816466375,0.153219785078095,0.00183003138828003
Nx014_dt0p25h,14,0.25,891900,10.3229166666667,0.15512627334824,0.153297149276432,0.00182912407180799
Nx014_dt0p25h,14,0.25,892800,10.3333333333333,0.155202692555164,0.153374474451206,0.00182821810395745
Nx014_dt0p25h,14,0.25,893700,10.34375,0.1552790741428,0.15345176066141,0.00182731348138998
Nx014_dt0p25h,14,0.25,894600,10.3541666666667,0.155355418166666,0.153529007965887,0.00182641020077823
Nx014_dt0p25h,14,0.25,895500,10.3645833333333,0.155431724682141,0.153606216423334,0.00182550825880673
Nx014_dt0p25h,14,0.25,896400,10.375,0.155507993744471,0.153683386092299,0.0018246076521713
Nx014_dt0p25h,14,0.25,897300,10.3854166666667,0.155584225408764,0.153760517031184,0.00182370837757928
Nx014_dt0p25h,14,0.25,898200,10.3958333333333,0.155660419729994,0.153837609298245,0.00182281043174937
Nx014_dt0p25h,14,0.25,899100,10.40625,0.155736576763001,0.15391466295159,0.00182191381141134
Nx014_dt0p25h,14,0.25,900000,10.4166666666667,0.15581269656249,0.153991678049184,0.00182101851330657
Nx014_dt0p25h,14,0.25,900900,10.4270833333333,0.155888779183033,0.154068654648846,0.00182012453418706
Nx014_dt0p25h,14,0.25,901800,10.4375,0.155964824679067,0.15414559280825,0.0018192318708169
Nx014_dt0p25h,14,0.25,902700,10.4479166666667,0.156040833104899,0.154222492584928,0.00181834051997065
Nx014_dt0p25h,14,0.25,903600,10.4583333333333,0.156116804514702,0.154299354036268,0.00181745047843362
Nx014_dt0p25h,14,0.25,904500,10.46875,0.156192738962517,0.154376177219514,0.00181656174300301
Nx014_dt0p25h,14,0.25,905400,10.4791666666667,0.156268636502255,0.154452962191768,0.00181567431048643
Nx014_dt0p25h,14,0.25,906300,10.4895833333333,0.156344497187694,0.154529709009991,0.00181478817770267
Nx014_dt0p25h,14,0.25,907200,10.5,0.156420321072483,0.154606417731002,0.00181390334148104
Nx014_dt0p25h,14,0.25,908100,10.5104166666667,0.156496108210141,0.15468308841148,0.00181301979866175
Nx014_dt0p25h,14,0.25,909000,10.5208333333333,0.156571858654057,0.154759721107961,0.00181213754609622
Nx014_dt0p25h,14,0.25,909900,10.53125,0.15664757245749,0.154836315876844,0.00181125658064576
Nx014_dt0p25h,14,0.25,910800,10.5416666666667,0.156723249673572,0.154912872774388,0.0018103768991834
Nx014_dt0p25h,14,0.25,911700,10.5520833333333,0.156798890355304,0.154989391856712,0.0018094984985921
Nx014_dt0p25h,14,0.25,912600,10.5625,0.156874494555563,0.155065873179797,0.00180862137576548
Nx014_dt0p25h,14,0.25,913500,10.5729166666667,0.156950062327095,0.155142316799487,0.00180774552760798
Nx014_dt0p25h,14,0.25,914400,10.5833333333333,0.15702559372252,0.155218722771486,0.00180687095103421
Nx014_dt0p25h,14,0.25,915300,10.59375,0.157101088794332,0.155295091151363,0.00180599764296946
Nx014_dt0p25h,14,0.25,916200,10.6041666666667,0.1571765475949,0.155371421994551,0.00180512560034918
Nx014_dt0p25h,14,0.25,917100,10.6145833333333,0.157251970176464,0.155447715356345,0.00180425482011937
Nx014_dt0p25h,14,0.25,918000,10.625,0.157327356591142,0.155523971291905,0.00180338529923649
Nx014_dt0p25h,14,0.25,918900,10.6354166666667,0.157402706890924,0.155600189856257,0.00180251703466672
Nx014_dt0p25h,14,0.25,919800,10.6458333333333,0.157478021127678,0.155676371104291,0.00180165002338736
Nx014_dt0p25h,14,0.25,920700,10.65625,0.157553299353148,0.155752515090763,0.0018007842623847
Nx014_dt0p25h,14,0.25,921600,10.6666666666667,0.157628541618952,0.155828621870296,0.00179991974865643
Nx014_dt0p25h,14,0.25,922500,10.6770833333333,0.157703747976587,0.155904691497378,0.00179905647920942
Nx014_dt0p25h,14,0.25,923400,10.6875,0.157778918477427,0.155980724026366,0.00179819445106083
Nx014_dt0p25h,14,0.25,924300,10.6979166666667,0.157854053172721,0.156056719511483,0.00179733366123788
Nx014_dt0p25h,14,0.25,925200,10.7083333333333,0.1579291521136,0.156132678006822,0.00179647410677802
Nx014_dt0p25h,14,0.25,926100,10.71875,0.15800421535107,0.156208599566342,0.00179561578472803
Nx014_dt0p25h,14,0.25,927000,10.7291666666667,0.158079242936018,0.156284484243873,0.00179475869214496
Nx014_dt0p25h,14,0.25,927900,10.7395833333333,0.15815423491921,0.156360332093114,0.00179390282609573
Nx014_dt0p25h,14,0.25,928800,10.75,0.158229191351289,0.156436143167632,0.0017930481836568
Nx014_dt0p25h,14,0.25,929700,10.7604166666667,0.158304112282782,0.156511917520867,0.00179219476191458
Nx014_dt0p25h,14,0.25,930600,10.7708333333333,0.158378997764093,0.156587655206128,0.0017913425579652
Nx014_dt0p25h,14,0.25,931500,10.78125,0.158453847845509,0.156663356276595,0.00179049156891423
Nx014_dt0p25h,14,0.25,932400,10.7916666666667,0.158528662577198,0.156739020785321,0.00178964179187721
Nx014_dt0p25h,14,0.25,933300,10.8020833333333,0.158603442009208,0.156814648785229,0.00178879322397879
Nx014_dt0p25h,14,0.25,934200,10.8125,0.15867818619147,0.156890240329117,0.00178794586235362
Nx014_dt0p25h,14,0.25,935100,10.8229166666667,0.158752895173798,0.156965795469653,0.00178709970414576
Nx014_dt0p25h,14,0.25,936000,10.8333333333333,0.158827569005888,0.15704131425938,0.00178625474650843
Nx014_dt0p25h,14,0.25,936900,10.84375,0.15890220773732,0.157116796750715,0.00178541098660462
Nx014_dt0p25h,14,0.25,937800,10.8541666666667,0.158976811417555,0.157192242995949,0.00178456842160638
Nx014_dt0p25h,14,0.25,938700,10.8645833333333,0.159051380095941,0.157267653047246,0.00178372704869545
Nx014_dt0p25h,14,0.25,939600,10.875,0.159125913821709,0.157343026956647,0.00178288686506267
Nx014_dt0p25h,14,0.25,940500,10.8854166666667,0.159200412643975,0.157418364776067,0.00178204786790834
Nx014_dt0p25h,14,0.25,941400,10.8958333333333,0.159274876611739,0.157493666557298,0.00178121005444143
Nx014_dt0p25h,14,0.25,942300,10.90625,0.159349305773888,0.157568932352007,0.00178037342188073
Nx014_dt0p25h,14,0.25,943200,10.9166666666667,0.159423700179192,0.157644162211738,0.00177953796745389
Nx014_dt0p25h,14,0.25,944100,10.9270833333333,0.159498059876312,0.157719356187914,0.00177870368839786
Nx014_dt0p25h,14,0.25,945000,10.9375,0.159572384913791,0.157794514331833,0.00177787058195822
Nx014_dt0p25h,14,0.25,945900,10.9479166666667,0.159646675340061,0.157869636694671,0.00177703864539008
Nx014_dt0p25h,14,0.25,946800,10.9583333333333,0.159720931203441,0.157944723327484,0.00177620787595711
Nx014_dt0p25h,14,0.25,947700,10.96875,0.159795152552137,0.158019774281205,0.00177537827093235
Nx014_dt0p25h,14,0.25,948600,10.9791666666667,0.159869339434245,0.158094789606647,0.00177454982759759
Nx014_dt0p25h,14,0.25,949500,10.9895833333333,0.159943491897746,0.158169769354503,0.00177372254324307
Nx014_dt0p25h,14,0.25,950400,11,0.160017609990513,0.158244713575345,0.00177289641516865
Nx014_dt0p25h,14,0.25,951300,11.0104166666667,0.160091693760307,0.158319622319625,0.00177207144068264
Nx014_dt0p25h,14,0.25,952200,11.0208333333333,0.160165743254778,0.158394495637677,0.00177124761710173
Nx014_dt0p25h,14,0.25,953100,11.03125,0.160239758521466,0.158469333579714,0.00177042494175197
Nx014_dt0p25h,14,0.25,954000,11.0416666666667,0.160313739607801,0.158544136195834,0.00176960341196766
Nx014_dt0p25h,14,0.25,954900,11.0520833333333,0.160387686561105,0.158618903536013,0.00176878302509217
Nx014_dt0p25h,14,0.25,955800,11.0625,0.160461599428588,0.158693635650111,0.00176796377847682
Nx014_dt0p25h,14,0.25,956700,11.0729166666667,0.160535478257354,0.158768332587872,0.00176714566948244
Nx014_dt0p25h,14,0.25,957600,11.0833333333333,0.160609323094398,0.15884299439892,0.0017663286954778
Nx014_dt0p25h,14,0.25,958500,11.09375,0.160683133986605,0.158917621132765,0.00176551285383977
Nx014_dt0p25h,14,0.25,959400,11.1041666666667,0.160756910980755,0.1589922128388,0.00176469814195487
Nx014_dt0p25h,14,0.25,960300,11.1145833333333,0.160830654123519,0.159066769566302,0.00176388455721729
Nx014_dt0p25h,14,0.25,961200,11.125,0.160904363461461,0.159141291364432,0.00176307209702964
Nx014_dt0p25h,14,0.25,962100,11.1354166666667,0.16097803904104,0.159215778282237,0.00176226075880287
Nx014_dt0p25h,14,0.25,963000,11.1458333333333,0.161051680908606,0.159290230368649,0.0017614505399568
Nx014_dt0p25h,14,0.25,963900,11.15625,0.161125289110405,0.159364647672486,0.00176064143791874
Nx014_dt0p25h,14,0.25,964800,11.1666666666667,0.161198863692577,0.159439030242452,0.00175983345012498
Nx014_dt0p25h,14,0.25,965700,11.1770833333333,0.161272404701155,0.159513378127135,0.00175902657401988
Nx014_dt0p25h,14,0.25,966600,11.1875,0.16134591218207,0.159587691375015,0.00175822080705565
Nx014_dt0p25h,14,0.25,967500,11.1979166666667,0.161419386181147,0.159661970034454,0.001757416146693
Nx014_dt0p25h,14,0.25,968400,11.2083333333333,0.161492826744105,0.159736214153704,0.00175661259040077
Nx014_dt0p25h,14,0.25,969300,11.21875,0.161566233916561,0.159810423780905,0.00175581013565565
Nx014_dt0p25h,14,0.25,970200,11.2291666666667,0.161639607744028,0.159884598964085,0.0017550087799427
Nx014_dt0p25h,14,0.25,971100,11.2395833333333,0.161712948271915,0.15995873975116,0.00175420852075492
Nx014_dt0p25h,14,0.25,972000,11.25,0.16178625554553,0.160032846189937,0.00175340935559321
Nx014_dt0p25h,14,0.25,972900,11.2604166666667,0.161859529610075,0.160106918328109,0.00175261128196641
Nx014_dt0p25h,14,0.25,973800,11.2708333333333,0.161932770510653,0.160180956213261,0.00175181429739166
Nx014_dt0p25h,14,0.25,974700,11.28125,0.162005978292262,0.160254959892869,0.00175101839939334
Nx014_dt0p25h,14,0.25,975600,11.2916666666667,0.162079152999801,0.160328929414296,0.00175022358550456
Nx014_dt0p25h,14,0.25,976500,11.3020833333333,0.162152294678066,0.1604028648248,0.00174942985326548
Nx014_dt0p25h,14,0.25,977400,11.3125,0.162225403371752,0.160476766171528,0.00174863720022428
Nx014_dt0p25h,14,0.25,978300,11.3229166666667,0.162298479125454,0.160550633501517,0.00174784562393748
Nx014_dt0p25h,14,0.25,979200,11.3333333333333,0.162371521983667,0.160624466861698,0.00174705512196868
Nx014_dt0p25h,14,0.25,980100,11.34375,0.162444531990784,0.160698266298894,0.00174626569188921
Nx014_dt0p25h,14,0.25,981000,11.3541666666667,0.162517509191099,0.16077203185982,0.00174547733127861
Nx014_dt0p25h,14,0.25,981900,11.3645833333333,0.162590453628808,0.160845763591084,0.00174469003772351
Nx014_dt0p25h,14,0.25,982800,11.375,0.162663365348006,0.160919461539187,0.0017439038088185
Nx014_dt0p25h,14,0.25,983700,11.3854166666667,0.16273624439269,0.160993125750524,0.00174311864216539
Nx014_dt0p25h,14,0.25,984600,11.3958333333333,0.162809090806758,0.161066756271384,0.0017423345353744
Nx014_dt0p25h,14,0.25,985500,11.40625,0.162881904634011,0.161140353147949,0.00174155148606198
Nx014_dt0p25h,14,0.25,986400,11.4166666666667,0.16295468591815,0.161213916426297,0.00174076949185326
Nx014_dt0p25h,14,0.25,987300,11.4270833333333,0.163027434702781,0.161287446152401,0.00173998855038013
Nx014_dt0p25h,14,0.25,988200,11.4375,0.16310015103141,0.161360942372128,0.00173920865928223
Nx014_dt0p25h,14,0.25,989100,11.4479166666667,0.163172834947447,0.161434405131241,0.00173842981620639
Nx014_dt0p25h,14,0.25,990000,11.4583333333333,0.163245486494207,0.1615078344754,0.0017376520188071
Nx014_dt0p25h,14,0.25,990900,11.46875,0.163318105714906,0.16158123045016,0.00173687526474595
Nx014_dt0p25h,14,0.25,991800,11.4791666666667,0.163390692652665,0.161654593100973,0.00173609955169191
Nx014_dt0p25h,14,0.25,992700,11.4895833333333,0.16346324735051,0.161727922473189,0.00173532487732134
Nx014_dt0p25h,14,0.25,993600,11.5,0.16353576985137,0.161801218612052,0.00173455123931779
Nx014_dt0p25h,14,0.25,994500,11.5104166666667,0.16360826019808,0.161874481562708,0.00173377863537186
Nx014_dt0p25h,14,0.25,995400,11.5208333333333,0.163680718433379,0.161947711370197,0.00173300706318183
Nx014_dt0p25h,14,0.25,996300,11.53125,0.163753144599913,0.16202090807946,0.00173223652045257
Nx014_dt0p25h,14,0.25,997200,11.5416666666667,0.163825538740231,0.162094071735335,0.00173146700489646
Nx014_dt0p25h,14,0.25,998100,11.5520833333333,0.163897900896792,0.162167202382559,0.00173069851423277
Nx014_dt0p25h,14,0.25,999000,11.5625,0.163970231111956,0.162240300065768,0.00172993104618813
Nx014_dt0p25h,14,0.25,999900,11.5729166666667,0.164042529427995,0.162313364829499,0.00172916459849598
Nx014_dt0p25h,14,0.25,1000800,11.5833333333333,0.164114795887084,0.162386396718187,0.00172839916889705
Nx014_dt0p25h,14,0.25,1001700,11.59375,0.164187030531306,0.162459395776167,0.00172763475513882
Nx014_dt0p25h,14,0.25,1002600,11.6041666666667,0.164259233402653,0.162532362047677,0.00172687135497587
Nx014_dt0p25h,14,0.25,1003500,11.6145833333333,0.164331404543022,0.162605295576853,0.00172610896616945
Nx014_dt0p25h,14,0.25,1004400,11.625,0.164403543994221,0.162678196407733,0.00172534758648832
Nx014_dt0p25h,14,0.25,1005300,11.6354166666667,0.164475651797964,0.162751064584256,0.00172458721370766
Nx014_dt0p25h,14,0.25,1006200,11.6458333333333,0.164547727995874,0.162823900150265,0.00172382784560934
Nx014_dt0p25h,14,0.25,1007100,11.65625,0.164619772629484,0.162896703149501,0.00172306947998263
Nx014_dt0p25h,14,0.25,1008000,11.6666666666667,0.164691785740234,0.16296947362561,0.00172231211462356
Nx014_dt0p25h,14,0.25,1008900,11.6770833333333,0.164763767369475,0.163042211622141,0.00172155574733432
Nx014_dt0p25h,14,0.25,1009800,11.6875,0.164835717558468,0.163114917182543,0.00172080037592459
Nx014_dt0p25h,14,0.25,1010700,11.6979166666667,0.164907636348382,0.163187590350172,0.00172004599821002
Nx014_dt0p25h,14,0.25,1011600,11.7083333333333,0.164979523780298,0.163260231168284,0.0017192926120137
Nx014_dt0p25h,14,0.25,1012500,11.71875,0.165051379895207,0.163332839680042,0.00171854021516499
Nx014_dt0p25h,14,0.25,1013400,11.7291666666667,0.16512320473401,0.16340541592851,0.00171778880549986
Nx014_dt0p25h,14,0.25,1014300,11.7395833333333,0.16519499833752,0.163477959956659,0.00171703838086129
Nx014_dt0p25h,14,0.25,1015200,11.75,0.165266760746461,0.163550471807362,0.0017162889390985
Nx014_dt0p25h,14,0.25,1016100,11.7604166666667,0.165338492001468,0.163622951523401,0.00171554047806727
Nx014_dt0p25h,14,0.25,1017000,11.7708333333333,0.165410192143089,0.163695399147459,0.00171479299563021
Nx014_dt0p25h,14,0.25,1017900,11.78125,0.165481861211783,0.163767814722127,0.00171404648965626
Nx014_dt0p25h,14,0.25,1018800,11.7916666666667,0.165553499247923,0.163840198289902,0.00171330095802064
Nx014_dt0p25h,14,0.25,1019700,11.8020833333333,0.165625106291791,0.163912549893186,0.00171255639860549
Nx014_dt0p25h,14,0.25,1020600,11.8125,0.165696682383587,0.163984869574288,0.00171181280929922
Nx014_dt0p25h,14,0.25,1021500,11.8229166666667,0.165768227563419,0.164057157375423,0.00171107018799616
Nx014_dt0p25h,14,0.25,1022400,11.8333333333333,0.165839741871313,0.164129413338715,0.00171032853259823
Nx014_dt0p25h,14,0.25,1023300,11.84375,0.165911225347206,0.164201637506194,0.00170958784101238
Nx014_dt0p25h,14,0.25,1024200,11.8541666666667,0.165982678030949,0.164273829919796,0.00170884811115288
Nx014_dt0p25h,14,0.25,1025100,11.8645833333333,0.166054099962308,0.164345990621369,0.00170810934093951
Nx014_dt0p25h,14,0.25,1026000,11.875,0.166125491180964,0.164418119652665,0.00170737152829933
Nx014_dt0p25h,14,0.25,1026900,11.8854166666667,0.166196851726511,0.164490217055347,0.00170663467116444
Nx014_dt0p25h,14,0.25,1027800,11.8958333333333,0.16626818163846,0.164562282870985,0.00170589876747435
Nx014_dt0p25h,14,0.25,1028700,11.90625,0.166339480956235,0.164634317141061,0.00170516381517416
Nx014_dt0p25h,14,0.25,1029600,11.9166666666667,0.166410749719177,0.164706319906962,0.00170442981221536
Nx014_dt0p25h,14,0.25,1030500,11.9270833333333,0.166481987966543,0.164778291209987,0.00170369675655543
Nx014_dt0p25h,14,0.25,1031400,11.9375,0.166553195737505,0.164850231091346,0.00170296464615824
Nx014_dt0p25h,14,0.25,1032300,11.9479166666667,0.166624373071151,0.164922139592158,0.00170223347899368
Nx014_dt0p25h,14,0.25,1033200,11.9583333333333,0.166695520006488,0.16499401675345,0.00170150325303745
Nx014_dt0p25h,14,0.25,1034100,11.96875,0.166766636582436,0.165065862616164,0.00170077396627208
Nx014_dt0p25h,14,0.25,1035000,11.9791666666667,0.166837722837835,0.165137677221149,0.00170004561668555
Nx014_dt0p25h,14,0.25,1035900,11.9895833333333,0.16690877881144,0.165209460609169,0.0016993182022717
Nx014_dt0p25h,14,0.25,1036800,12,0.166979804541926,0.165281212820895,0.0016985917210311
Nx014_dt0p25h,14,0.25,1037700,12.0104166666667,0.167050800067884,0.165352933896915,0.00169786617096951
Nx014_dt0p25h,14,0.25,1038600,12.0208333333333,0.167121765427823,0.165424623877724,0.00169714155009937
Nx014_dt0p25h,14,0.25,1039500,12.03125,0.167192700660171,0.165496282803733,0.00169641785643848
Nx014_dt0p25h,14,0.25,1040400,12.0416666666667,0.167263605803274,0.165567910715263,0.00169569508801126
Nx014_dt0p25h,14,0.25,1041300,12.0520833333333,0.167334480895396,0.165639507652549,0.00169497324284679
Nx014_dt0p25h,14,0.25,1042200,12.0625,0.167405325974721,0.16571107365574,0.00169425231898146
Nx014_dt0p25h,14,0.25,1043100,12.0729166666667,0.167476141079353,0.165782608764896,0.00169353231445668
Nx014_dt0p25h,14,0.25,1044000,12.0833333333333,0.167546926247312,0.165854113019993,0.00169281322731957
Nx014_dt0p25h,14,0.25,1044900,12.09375,0.167617681516543,0.165925586460919,0.0016920950556239
Nx014_dt0p25h,14,0.25,1045800,12.1041666666667,0.167688406924905,0.165997029127478,0.00169137779742787
Nx014_dt0p25h,14,0.25,1046700,12.1145833333333,0.167759102510183,0.166068441059386,0.00169066145079699
Nx014_dt0p25h,14,0.25,1047600,12.125,0.167829768310076,0.166139822296275,0.0016899460138014
Nx014_dt0p25h,14,0.25,1048500,12.1354166666667,0.16790040436221,0.166211172877693,0.00168923148451747
Nx014_dt0p25h,14,0.25,1049400,12.1458333333333,0.167971010704127,0.166282492843101,0.00168851786102686
Nx014_dt0p25h,14,0.25,1050300,12.15625,0.168041587373294,0.166353782231876,0.0016878051414172
Nx014_dt0p25h,14,0.25,1051200,12.1666666666667,0.168112134407095,0.166425041083313,0.00168709332378203
Nx014_dt0p25h,14,0.25,1052100,12.1770833333333,0.168182651842838,0.166496269436619,0.00168638240621971
Nx014_dt0p25h,14,0.25,1053000,12.1875,0.168253139717754,0.166567467330919,0.00168567238683509
Nx014_dt0p25h,14,0.25,1053900,12.1979166666667,0.168323598068995,0.166638634805256,0.00168496326373807
Nx014_dt0p25h,14,0.25,1054800,12.2083333333333,0.168394026933632,0.166709771898588,0.00168425503504419
Nx014_dt0p25h,14,0.25,1055700,12.21875,0.168464426348664,0.166780878649789,0.00168354769887472
Nx014_dt0p25h,14,0.25,1056600,12.2291666666667,0.168534796351009,0.166851955097653,0.00168284125335652
Nx014_dt0p25h,14,0.25,1057500,12.2395833333333,0.168605136977509,0.166923001280887,0.00168213569662154
Nx014_dt0p25h,14,0.25,1058400,12.25,0.168675448264928,0.166994017238121,0.00168143102680737
Nx014_dt0p25h,14,0.25,1059300,12.2604166666667,0.168745730249956,0.167065003007899,0.00168072724205731
Nx014_dt0p25h,14,0.25,1060200,12.2708333333333,0.168815982969204,0.167135958628684,0.00168002434052011
Nx014_dt0p25h,14,0.25,1061100,12.28125,0.168886206459208,0.167206884138859,0.00167932232034959
Nx014_dt0p25h,14,0.25,1062000,12.2916666666667,0.168956400756428,0.167277779576723,0.00167862117970496
Nx014_dt0p25h,14,0.25,1062900,12.3020833333333,0.169026565897248,0.167348644980497,0.00167792091675115
Nx014_dt0p25h,14,0.25,1063800,12.3125,0.169096701917976,0.167419480388318,0.00167722152965846
Nx014_dt0p25h,14,0.25,1064700,12.3229166666667,0.169166808854846,0.167490285838244,0.00167652301660223
Nx014_dt0p25h,14,0.25,1065600,12.3333333333333,0.169236886744015,0.167561061368252,0.0016758253757633
Nx014_dt0p25h,14,0.25,1066500,12.34375,0.169306935621568,0.16763180701624,0.00167512860532767
Nx014_dt0p25h,14,0.25,1067400,12.3541666666667,0.169376955523512,0.167702522820025,0.00167443270348694
Nx014_dt0p25h,14,0.25,1068300,12.3645833333333,0.169446946485781,0.167773208817344,0.00167373766843751
Nx014_dt0p25h,14,0.25,1069200,12.375,0.169516908544237,0.167843865045855,0.00167304349838143
Nx014_dt0p25h,14,0.25,1070100,12.3854166666667,0.169586841734663,0.167914491543138,0.00167235019152559
Nx014_dt0p25h,14,0.25,1071000,12.3958333333333,0.169656746092774,0.167985088346691,0.00167165774608247
Nx014_dt0p25h,14,0.25,1071900,12.40625,0.169726621654207,0.168055655493937,0.00167096616026979
Nx014_dt0p25h,14,0.25,1072800,12.4166666666667,0.169796468454527,0.168126193022217,0.00167027543230991
Nx014_dt0p25h,14,0.25,1073700,12.4270833333333,0.169866286529226,0.168196700968795,0.00166958556043059
Nx014_dt0p25h,14,0.25,1074600,12.4375,0.169936075913724,0.168267179370859,0.00166889654286462
Nx014_dt0p25h,14,0.25,1075500,12.4479166666667,0.170005836643366,0.168337628265515,0.00166820837785056
Nx014_dt0p25h,14,0.25,1076400,12.4583333333333,0.170075568753427,0.168408047689796,0.00166752106363105
Nx014_dt0p25h,14,0.25,1077300,12.46875,0.170145272279108,0.168478437680653,0.00166683459845449
Nx014_dt0p25h,14,0.25,1078200,12.4791666666667,0.170214947255538,0.168548798274964,0.00166614898057407
Nx014_dt0p25h,14,0.25,1079100,12.4895833333333,0.170284593717775,0.168619129509527,0.00166546420824812
Nx014_dt0p25h,14,0.25,1080000,12.5,0.170354211700804,0.168689431421065,0.00166478027973987
Nx014_dt0p25h,14,0.25,1080900,12.5104166666667,0.17042380123954,0.168759704046223,0.00166409719331745
Nx014_dt0p25h,14,0.25,1081800,12.5208333333333,0.170493362368826,0.168829947421572,0.00166341494725433
Nx014_dt0p25h,14,0.25,1082700,12.53125,0.170562895123433,0.168900161583605,0.00166273353982851
Nx014_dt0p25h,14,0.25,1083600,12.5416666666667,0.170632399538063,0.168970346568739,0.00166205296932342
Nx014_dt0p25h,14,0.25,1084500,12.5520833333333,0.170701875647345,0.169040502413318,0.00166137323402687
Nx014_dt0p25h,14,0.25,1085400,12.5625,0.17077132348584,0.169110629153608,0.00166069433223198
Nx014_dt0p25h,14,0.25,1086300,12.5729166666667,0.170840743088036,0.1691807268258,0.00166001626223639
Nx014_dt0p25h,14,0.25,1087200,12.5833333333333,0.170910134488355,0.169250795466012,0.00165933902234303
Nx014_dt0p25h,14,0.25,1088100,12.59375,0.170979497721144,0.169320835110284,0.00165866261085937
Nx014_dt0p25h,14,0.25,1089000,12.6041666666667,0.171048832820684,0.169390845794586,0.00165798702609785
Nx014_dt0p25h,14,0.25,1089900,12.6145833333333,0.171118139821185,0.169460827554809,0.00165731226637555
Nx014_dt0p25h,14,0.25,1090800,12.625,0.171187418756789,0.169530780426774,0.00165663833001478
Nx014_dt0p25h,14,0.25,1091700,12.6354166666667,0.171256669661566,0.169600704446224,0.0016559652153422
Nx014_dt0p25h,14,0.25,1092600,12.6458333333333,0.171325892569521,0.169670599648832,0.00165529292068908
Nx014_dt0p25h,14,0.25,1093500,12.65625,0.171395087514588,0.169740466070196,0.00165462144439216
Nx014_dt0p25h,14,0.25,1094400,12.6666666666667,0.171464254530633,0.169810303745841,0.00165395078479194
Nx014_dt0p25h,14,0.25,1095300,12.6770833333333,0.171533393651453,0.169880112711218,0.00165328094023465
Nx014_dt0p25h,14,0.25,1096200,12.6875,0.171602504910777,0.169949893001707,0.00165261190907035
Nx014_dt0p25h,14,0.25,1097100,12.6979166666667,0.171671588342268,0.170019644652613,0.00165194368965432
Nx014_dt0p25h,14,0.25,1098000,12.7083333333333,0.171740643979518,0.170089367699172,0.00165127628034628
Nx014_dt0p25h,14,0.25,1098900,12.71875,0.171809671856055,0.170159062176544,0.00165060967951047
Nx014_dt0p25h,14,0.25,1099800,12.7291666666667,0.171878672005337,0.17022872811982,0.00164994388551631
Nx014_dt0p25h,14,0.25,1100700,12.7395833333333,0.171947644460755,0.170298365564018,0.00164927889673694
Nx014_dt0p25h,14,0.25,1101600,12.75,0.172016589255635,0.170367974544084,0.00164861471155084
Nx014_dt0p25h,14,0.25,1102500,12.7604166666667,0.172085506423234,0.170437555094894,0.0016479513283407
Nx014_dt0p25h,14,0.25,1103400,12.7708333333333,0.172154395996744,0.17050710725125,0.00164728874549405
Nx014_dt0p25h,14,0.25,1104300,12.78125,0.17222325800929,0.170576631047887,0.00164662696140228
Nx014_dt0p25h,14,0.25,1105200,12.7916666666667,0.172292092493929,0.170646126519467,0.00164596597446232
Nx014_dt0p25h,14,0.25,1106100,12.8020833333333,0.172360899483656,0.170715593700581,0.00164530578307495
Nx014_dt0p25h,14,0.25,1107000,12.8125,0.172429679011396,0.170785032625751,0.00164464638564554
Nx014_dt0p25h,14,0.25,1107900,12.8229166666667,0.172498431110011,0.170854443329427,0.00164398778058381
Nx014_dt0p25h,14,0.25,1108800,12.8333333333333,0.172567155812296,0.170923825845992,0.00164332996630437
Nx014_dt0p25h,14,0.25,1109700,12.84375,0.172635853150982,0.170993180209756,0.0016426729412258
Nx014_dt0p25h,14,0.25,1110600,12.8541666666667,0.172704523158734,0.171062506454962,0.00164201670377151
Nx014_dt0p25h,14,0.25,1111500,12.8645833333333,0.172773165868151,0.171131804615782,0.00164136125236905
Nx014_dt0p25h,14,0.25,1112400,12.875,0.17284178131177,0.171201074726319,0.00164070658545018
Nx014_dt0p25h,14,0.25,1113300,12.8854166666667,0.17291036952206,0.171270316820608,0.00164005270145207
Nx014_dt0p25h,14,0.25,1114200,12.8958333333333,0.17297893053143,0.171339530932615,0.00163939959881457
Nx014_dt0p25h,14,0.25,1115100,12.90625,0.17304746437222,0.171408717096237,0.00163874727598315
Nx014_dt0p25h,14,0.25,1116000,12.9166666666667,0.173115971076709,0.171477875345302,0.00163809573140747
Nx014_dt0p25h,14,0.25,1116900,12.9270833333333,0.173184450677111,0.17154700571357,0.00163744496354093
Nx014_dt0p25h,14,0.25,1117800,12.9375,0.173252903205577,0.171616108234735,0.00163679497084201
Nx014_dt0p25h,14,0.25,1118700,12.9479166666667,0.173321328694194,0.171685182942421,0.00163614575177268
Nx014_dt0p25h,14,0.25,1119600,12.9583333333333,0.173389727174985,0.171754229870185,0.00163549730479992
Nx014_dt0p25h,14,0.25,1120500,12.96875,0.173458098679911,0.171823249051517,0.00163484962839427
Nx014_dt0p25h,14,0.25,1121400,12.9791666666667,0.17352644324087,0.171892240519839,0.00163420272103099
Nx014_dt0p25h,14,0.25,1122300,12.9895833333333,0.173594760889696,0.171961204308506,0.0016335565811896
Nx014_dt0p25h,14,0.25,1123200,13,0.173663051658161,0.172030140450807,0.00163291120735345
Nx014_dt0p25h,14,0.25,1124100,13.0104166666667,0.173731315577975,0.172099048979965,0.0016322665980103
Nx014_dt0p25h,14,0.25,1125000,13.0208333333333,0.173799552680785,0.172167929929133,0.00163162275165224
Nx014_dt0p25h,14,0.25,1125900,13.03125,0.173867762998177,0.172236783331401,0.00163097966677539
Nx014_dt0p25h,14,0.25,1126800,13.0416666666667,0.173935946561672,0.172305609219793,0.00163033734187965
Nx014_dt0p25h,14,0.25,1127700,13.0520833333333,0.174004103402734,0.172374407627264,0.00162969577547001
Nx014_dt0p25h,14,0.25,1128600,13.0625,0.174072233552761,0.172443178586707,0.00162905496605459
Nx014_dt0p25h,14,0.25,1129500,13.0729166666667,0.174140337043093,0.172511922130947,0.00162841491214591
Nx014_dt0p25h,14,0.25,1130400,13.0833333333333,0.174208413905005,0.172580638292744,0.0016277756122611
Nx014_dt0p25h,14,0.25,1131300,13.09375,0.174276464169714,0.172649327104793,0.00162713706492065
Nx014_dt0p25h,14,0.25,1132200,13.1041666666667,0.174344487868374,0.172717988599725,0.00162649926864955
Nx014_dt0p25h,14,0.25,1133100,13.1145833333333,0.17441248503208,0.172786622810104,0.00162586222197675
Nx014_dt0p25h,14,0.25,1134000,13.125,0.174480455691866,0.172855229768431,0.00162522592343506
Nx014_dt0p25h,14,0.25,1134900,13.1354166666667,0.174548399878704,0.172923809507143,0.00162459037156149
Nx014_dt0p25h,14,0.25,1135800,13.1458333333333,0.174616317623508,0.172992362058611,0.00162395556489697
Nx014_dt0p25h,14,0.25,1136700,13.15625,0.174684208957129,0.173060887455143,0.00162332150198682
Nx014_dt0p25h,14,0.25,1137600,13.1666666666667,0.174752073910361,0.173129385728982,0.00162268818137956
Nx014_dt0p25h,14,0.25,1138500,13.1770833333333,0.174819912513937,0.173197856912309,0.0016220556016284
Nx014_dt0p25h,14,0.25,1139400,13.1875,0.174887724798529,0.173266301037239,0.00162142376129012
Nx014_dt0p25h,14,0.25,1140300,13.1979166666667,0.174955510794752,0.173334718135827,0.00162079265892545
Nx014_dt0p25h,14,0.25,1141200,13.2083333333333,0.17502327053316,0.173403108240061,0.00162016229309914
Nx014_dt0p25h,14,0.25,1142100,13.21875,0.175091004044248,0.173471471381868,0.00161953266238016
Nx014_dt0p25h,14,0.25,1143000,13.2291666666667,0.175158711358453,0.173539807593113,0.00161890376534052
Nx014_dt0p25h,14,0.25,1143900,13.2395833333333,0.175226392506152,0.173608116905595,0.00161827560055711
Nx014_dt0p25h,14,0.25,1144800,13.25,0.175294047517664,0.173676399351055,0.00161764816660978
Nx014_dt0p25h,14,0.25,1145700,13.2604166666667,0.17536167642325,0.173744654961167,0.00161702146208301
Nx014_dt0p25h,14,0.25,1146600,13.2708333333333,0.17542927925311,0.173812883767546,0.0016163954855648
Nx014_dt0p25h,14,0.25,1147500,13.28125,0.17549685603739,0.173881085801743,0.00161577023564699
Nx014_dt0p25h,14,0.25,1148400,13.2916666666667,0.175564406806174,0.173949261095249,0.00161514571092491
Nx014_dt0p25h,14,0.25,1149300,13.3020833333333,0.175631931589491,0.174017409679493,0.00161452190999839
Nx014_dt0p25h,14,0.25,1150200,13.3125,0.175699430417311,0.17408553158584,0.00161389883147037
Nx014_dt0p25h,14,0.25,1151100,13.3229166666667,0.175766903319545,0.174153626845597,0.00161327647394804
Nx014_dt0p25h,14,0.25,1152000,13.3333333333333,0.17583435032605,0.174221695490008,0.00161265483604206
Nx014_dt0p25h,14,0.25,1152900,13.34375,0.175901771466623,0.174289737550256,0.00161203391636719
Nx014_dt0p25h,14,0.25,1153800,13.3541666666667,0.175969166771004,0.174357753057463,0.00161141371354137
Nx014_dt0p25h,14,0.25,1154700,13.3645833333333,0.176036536268878,0.174425742042691,0.00161079422618682
Nx014_dt0p25h,14,0.25,1155600,13.375,0.176103879989872,0.174493704536943,0.00161017545292907
Nx014_dt0p25h,14,0.25,1156500,13.3854166666667,0.176171197963555,0.174561640571157,0.00160955739239768
Nx014_dt0p25h,14,0.25,1157400,13.3958333333333,0.176238490219441,0.174629550176216,0.00160894004322554
Nx014_dt0p25h,14,0.25,1158300,13.40625,0.176305756786989,0.174697433382939,0.00160832340404976
Nx014_dt0p25h,14,0.25,1159200,13.4166666666667,0.176372997695598,0.174765290222088,0.0016077074735103
Nx014_dt0p25h,14,0.25,1160100,13.4270833333333,0.176440212974615,0.174833120724364,0.00160709225025166
Nx014_dt0p25h,14,0.25,1161000,13.4375,0.176507402653329,0.174900924920408,0.00160647773292125
Nx014_dt0p25h,14,0.25,1161900,13.4479166666667,0.176574566760973,0.174968702840802,0.00160586392017043
Nx014_dt0p25h,14,0.25,1162800,13.4583333333333,0.176641705326725,0.17503645451607,0.00160525081065432
Nx014_dt0p25h,14,0.25,1163700,13.46875,0.176708818379707,0.175104179976675,0.00160463840303129
Nx014_dt0p25h,14,0.25,1164600,13.4791666666667,0.176775905948987,0.175171879253023,0.00160402669596335
Nx014_dt0p25h,14,0.25,1165500,13.4895833333333,0.176842968063576,0.175239552375459,0.00160341568811673
Nx014_dt0p25h,14,0.25,1166400,13.5,0.176910004752432,0.175307199374272,0.00160280537816002
Nx014_dt0p25h,14,0.25,1167300,13.5104166666667,0.176977016044457,0.175374820279691,0.00160219576476639
Nx014_dt0p25h,14,0.25,1168200,13.5208333333333,0.177044001968498,0.175442415121886,0.00160158684661216
Nx014_dt0p25h,14,0.25,1169100,13.53125,0.177110962553348,0.175509983930971,0.00160097862237707
Nx014_dt0p25h,14,0.25,1170000,13.5416666666667,0.177177897827744,0.175577526737,0.00160037109074462
Nx014_dt0p25h,14,0.25,1170900,13.5520833333333,0.177244807820373,0.175645043569971,0.00159976425040165
Nx014_dt0p25h,14,0.25,1171800,13.5625,0.177311692559862,0.175712534459823,0.00159915810003874
Nx014_dt0p25h,14,0.25,1172700,13.5729166666667,0.177378552074789,0.175779999436439,0.00159855263834938
Nx014_dt0p25h,14,0.25,1173600,13.5833333333333,0.177445386393674,0.175847438529643,0.00159794786403117
Nx014_dt0p25h,14,0.25,1174500,13.59375,0.177512195544987,0.175914851769202,0.00159734377578483
Nx014_dt0p25h,14,0.25,1175400,13.6041666666667,0.177578979557143,0.175982239184828,0.00159674037231453
Nx014_dt0p25h,14,0.25,1176300,13.6145833333333,0.177645738458502,0.176049600806174,0.0015961376523278
Nx014_dt0p25h,14,0.25,1177200,13.625,0.177712472277372,0.176116936662836,0.00159553561453601
Nx014_dt0p25h,14,0.25,1178100,13.6354166666667,0.177779181042009,0.176184246784355,0.00159493425765328
Nx014_dt0p25h,14,0.25,1179000,13.6458333333333,0.177845864780614,0.176251531200216,0.00159433358039771
Nx014_dt0p25h,14,0.25,1179900,13.65625,0.177912523521336,0.176318789939846,0.00159373358149051
Nx014_dt0p25h,14,0.25,1180800,13.6666666666667,0.177979157292272,0.176386023032616,0.00159313425965624
Nx014_dt0p25h,14,0.25,1181700,13.6770833333333,0.178045766121464,0.176453230507842,0.00159253561362296
Nx014_dt0p25h,14,0.25,1182600,13.6875,0.178112350036905,0.176520412394783,0.00159193764212193
Nx014_dt0p25h,14,0.25,1183500,13.6979166666667,0.178178909066533,0.176587568722645,0.00159134034388805
Nx014_dt0p25h,14,0.25,1184400,13.7083333333333,0.178245443238235,0.176654699520576,0.00159074371765899
Nx014_dt0p25h,14,0.25,1185300,13.71875,0.178311952579845,0.176721804817668,0.00159014776217625
Nx014_dt0p25h,14,0.25,1186200,13.7291666666667,0.178378437119145,0.176788884642961,0.00158955247618445
Nx014_dt0p25h,14,0.25,1187100,13.7395833333333,0.178444896883868,0.176855939025436,0.00158895785843155
Nx014_dt0p25h,14,0.25,1188000,13.75,0.178511331901691,0.176922967994023,0.00158836390766851
Nx014_dt0p25h,14,0.25,1188900,13.7604166666667,0.178577742200244,0.176989971577594,0.00158777062265003
Nx014_dt0p25h,14,0.25,1189800,13.7708333333333,0.178644127807101,0.177056949804967,0.0015871780021342
Nx014_dt0p25h,14,0.25,1190700,13.78125,0.178710488749789,0.177123902704907,0.00158658604488121
Nx014_dt0p25h,14,0.25,1191600,13.7916666666667,0.17877682505578,0.177190830306124,0.00158599474965593
Nx014_dt0p25h,14,0.25,1192500,13.8020833333333,0.178843136752499,0.177257732637274,0.00158540411522556
Nx014_dt0p25h,14,0.25,1193400,13.8125,0.178909423867317,0.177324609726957,0.00158481414036055
Nx014_dt0p25h,14,0.25,1194300,13.8229166666667,0.178975686427556,0.177391461603721,0.0015842248238353
Nx014_dt0p25h,14,0.25,1195200,13.8333333333333,0.179041924460487,0.17745828829606,0.00158363616442644
Nx014_dt0p25h,14,0.25,1196100,13.84375,0.17910813799333,0.177525089832415,0.00158304816091462
Nx014_dt0p25h,14,0.25,1197000,13.8541666666667,0.179174327053255,0.177591866241172,0.00158246081208299
Nx014_dt0p25h,14,0.25,1197900,13.8645833333333,0.179240491667381,0.177658617550663,0.00158187411671809
Nx014_dt0p25h,14,0.25,1198800,13.875,0.17930663186278,0.17772534378917,0.00158128807360991
Nx014_dt0p25h,14,0.25,1199700,13.8854166666667,0.179372747666471,0.177792044984919,0.00158070268155144
Nx014_dt0p25h,14,0.25,1200600,13.8958333333333,0.179438839105423,0.177858721166085,0.00158011793933821
Nx014_dt0p25h,14,0.25,1201500,13.90625,0.179504906206558,0.177925372360788,0.00157953384577003
Nx014_dt0p25h,14,0.25,1202400,13.9166666666667,0.179570948996746,0.177991998597098,0.00157895039964848
Nx014_dt0p25h,14,0.25,1203300,13.9270833333333,0.179636967502809,0.178058599903029,0.00157836759977956
Nx014_dt0p25h,14,0.25,1204200,13.9375,0.179702961751518,0.178125176306547,0.00157778544497131
Nx014_dt0p25h,14,0.25,1205100,13.9479166666667,0.179768931769598,0.178191727835562,0.00157720393403527
Nx014_dt0p25h,14,0.25,1206000,13.9583333333333,0.179834877583721,0.178258254517934,0.00157662306578649
Nx014_dt0p25h,14,0.25,1206900,13.96875,0.179900799220512,0.17832475638147,0.00157604283904225
Nx014_dt0p25h,14,0.25,1207800,13.9791666666667,0.179966696706549,0.178391233453926,0.00157546325262339
Nx014_dt0p25h,14,0.25,1208700,13.9895833333333,0.180032570068359,0.178457685763005,0.0015748843053536
Nx014_dt0p25h,14,0.25,1209600,14,0.18009841933242,0.17852411333636,0.0015743059960599
Nx014_dt0p25h,14,0.25,1210500,14.0104166666667,0.180164244525164,0.178590516201592,0.00157372832357175
Nx014_dt0p25h,14,0.25,1211400,14.0208333333333,0.180230045672972,0.17865689438625,0.00157315128672242
Nx014_dt0p25h,14,0.25,1212300,14.03125,0.180295822802179,0.178723247917832,0.00157257488434728
Nx014_dt0p25h,14,0.25,1213200,14.0416666666667,0.180361575939072,0.178789576823786,0.00157199911528549
Nx014_dt0p25h,14,0.25,1214100,14.0520833333333,0.180427305109887,0.178855881131508,0.00157142397837881
Nx014_dt0p25h,14,0.25,1215000,14.0625,0.180493010340816,0.178922160868344,0.00157084947247191
Nx014_dt0p25h,14,0.25,1215900,14.0729166666667,0.180558691658001,0.178988416061589,0.00157027559641257
Nx014_dt0p25h,14,0.25,1216800,14.0833333333333,0.180624349087538,0.179054646738487,0.00156970234905138
Nx014_dt0p25h,14,0.25,1217700,14.09375,0.180689982655475,0.179120852926232,0.0015691297292422
Nx014_dt0p25h,14,0.25,1218600,14.1041666666667,0.180755592387811,0.179187034651969,0.0015685577358415
Nx014_dt0p25h,14,0.25,1219500,14.1145833333333,0.180821178310499,0.179253191942791,0.00156798636770866
Nx014_dt0p25h,14,0.25,1220400,14.125,0.180886740449447,0.179319324825741,0.00156741562370619
Nx014_dt0p25h,14,0.25,1221300,14.1354166666667,0.180952278830514,0.179385433327815,0.00156684550269925
Nx014_dt0p25h,14,0.25,1222200,14.1458333333333,0.181017793479511,0.179451517475955,0.00156627600355622
Nx014_dt0p25h,14,0.25,1223100,14.15625,0.181083284422204,0.179517577297056,0.00156570712514828
Nx014_dt0p25h,14,0.25,1224000,14.1666666666667,0.181148751684313,0.179583612817964,0.00156513886634913
Nx014_dt0p25h,14,0.25,1224900,14.1770833333333,0.18121419529151,0.179649624065474,0.00156457122603576
Nx014_dt0p25h,14,0.25,1225800,14.1875,0.18127961526942,0.179715611066333,0.00156400420308764
Nx014_dt0p25h,14,0.25,1226700,14.1979166666667,0.181345011643625,0.179781573847238,0.00156343779638757
Nx014_dt0p25h,14,0.25,1227600,14.2083333333333,0.181410384439658,0.179847512434837,0.00156287200482097
Nx014_dt0p25h,14,0.25,1228500,14.21875,0.181475733683007,0.179913426855731,0.00156230682727568
Nx014_dt0p25h,14,0.25,1229400,14.2291666666667,0.181541059399113,0.17997931713647,0.00156174226264297
Nx014_dt0p25h,14,0.25,1230300,14.2395833333333,0.181606361613373,0.180045183303556,0.00156117830981692
Nx014_dt0p25h,14,0.25,1231200,14.25,0.181671640351137,0.180111025383444,0.00156061496769347
Nx014_dt0p25h,14,0.25,1232100,14.2604166666667,0.181736895637711,0.180176843402538,0.0015600522351728
Nx014_dt0p25h,14,0.25,1233000,14.2708333333333,0.181802127498353,0.180242637387196,0.00155949011115664
Nx014_dt0p25h,14,0.25,1233900,14.28125,0.181867335958277,0.180308407363727,0.00155892859455029
Nx014_dt0p25h,14,0.25,1234800,14.2916666666667,0.181932521042654,0.180374153358393,0.00155836768426129
Nx014_dt0p25h,14,0.25,1235700,14.3020833333333,0.181997682776606,0.180439875397406,0.00155780737920011
Nx014_dt0p25h,14,0.25,1236600,14.3125,0.182062821185213,0.180505573506932,0.00155724767828014
Nx014_dt0p25h,14,0.25,1237500,14.3229166666667,0.182127936293507,0.18057124771309,0.00155668858041741
Nx014_dt0p25h,14,0.25,1238400,14.3333333333333,0.18219302812648,0.180636898041949,0.00155613008453057
Nx014_dt0p25h,14,0.25,1239300,14.34375,0.182258096709075,0.180702524519534,0.00155557218954111
Nx014_dt0p25h,14,0.25,1240200,14.3541666666667,0.182323142066192,0.180768127171818,0.00155501489437321
Nx014_dt0p25h,14,0.25,1241100,14.3645833333333,0.182388164222686,0.180833706024733,0.00155445819795375
Nx014_dt0p25h,14,0.25,1242000,14.375,0.182453163203371,0.180899261104158,0.00155390209921211
Nx014_dt0p25h,14,0.25,1242900,14.3854166666667,0.182518139033011,0.18096479243593,0.00155334659708078
Nx014_dt0p25h,14,0.25,1243800,14.3958333333333,0.182583091736331,0.181030300045836,0.00155279169049463
Nx014_dt0p25h,14,0.25,1244700,14.40625,0.182648021338008,0.181095783959617,0.00155223737839127
Nx014_dt0p25h,14,0.25,1245600,14.4166666666667,0.18271292786268,0.181161244202969,0.00155168365971076
Nx014_dt0p25h,14,0.25,1246500,14.4270833333333,0.182777811334936,0.18122668080154,0.00155113053339617
Nx014_dt0p25h,14,0.25,1247400,14.4375,0.182842671779325,0.181292093780932,0.00155057799839328
Nx014_dt0p25h,14,0.25,1248300,14.4479166666667,0.182907509220351,0.181357483166701,0.0015500260536499
Nx014_dt0p25h,14,0.25,1249200,14.4583333333333,0.182972323682474,0.181422848984357,0.00154947469811709
Nx014_dt0p25h,14,0.25,1250100,14.46875,0.183037115190112,0.181488191259364,0.00154892393074807
Nx014_dt0p25h,14,0.25,1251000,14.4791666666667,0.183101883767639,0.18155351001714,0.00154837375049924
Nx014_dt0p25h,14,0.25,1251900,14.4895833333333,0.183166629439387,0.181618805283058,0.00154782415632909
Nx014_dt0p25h,14,0.25,1252800,14.5,0.183231352229642,0.181684077082444,0.00154727514719868
Nx014_dt0p25h,14,0.25,1253700,14.5104166666667,0.183296052162651,0.181749325440579,0.00154672672207204
Nx014_dt0p25h,14,0.25,1254600,14.5208333333333,0.183360729262616,0.181814550382701,0.00154617887991557
Nx014_dt0p25h,14,0.25,1255500,14.53125,0.183425383553697,0.181879751933998,0.00154563161969831
Nx014_dt0p25h,14,0.25,1256400,14.5416666666667,0.18349001506001,0.181944930119618,0.0015450849403916
Nx014_dt0p25h,14,0.25,1257300,14.5520833333333,0.18355462380563,0.18201008496466,0.00154453884096961
Nx014_dt0p25h,14,0.25,1258200,14.5625,0.183619209814589,0.18207521649418,0.00154399332040911
Nx014_dt0p25h,14,0.25,1259100,14.5729166666667,0.183683773110878,0.182140324733188,0.00154344837768922
Nx014_dt0p25h,14,0.25,1260000,14.5833333333333,0.183748313718443,0.182205409706652,0.00154290401179161
Nx014_dt0p25h,14,0.25,1260900,14.59375,0.183812831661192,0.182270471439491,0.00154236022170046
Nx014_dt0p25h,14,0.25,1261800,14.6041666666667,0.183877326962987,0.182335509956584,0.00154181700640257
Nx014_dt0p25h,14,0.25,1262700,14.6145833333333,0.18394179964765,0.182400525282763,0.00154127436488707
Nx014_dt0p25h,14,0.25,1263600,14.625,0.184006249738962,0.182465517442816,0.00154073229614604
Nx014_dt0p25h,14,0.25,1264500,14.6354166666667,0.18407067726066,0.182530486461487,0.00154019079917347
Nx014_dt0p25h,14,0.25,1265400,14.6458333333333,0.184135082236443,0.182595432363477,0.00153964987296598
Nx014_dt0p25h,14,0.25,1266300,14.65625,0.184199464689965,0.182660355173442,0.001539109516523
Nx014_dt0p25h,14,0.25,1267200,14.6666666666667,0.18426382464484,0.182725254915994,0.00153856972884603
Nx014_dt0p25h,14,0.25,1268100,14.6770833333333,0.184328162124642,0.182790131615703,0.00153803050893922
Nx014_dt0p25h,14,0.25,1269000,14.6875,0.184392477152902,0.182854985297093,0.00153749185580912
Nx014_dt0p25h,14,0.25,1269900,14.6979166666667,0.184456769753111,0.182919815984646,0.00153695376846452
Nx014_dt0p25h,14,0.25,1270800,14.7083333333333,0.184521039948718,0.1829846237028,0.00153641624591724
Nx014_dt0p25h,14,0.25,1271700,14.71875,0.184585287763132,0.183049408475951,0.00153587928718096
Nx014_dt0p25h,14,0.25,1272600,14.7291666666667,0.184649513219722,0.18311417032845,0.001535342891272
Nx014_dt0p25h,14,0.25,1273500,14.7395833333333,0.184713716341815,0.183178909284606,0.00153480705720924
Nx014_dt0p25h,14,0.25,1274400,14.75,0.184777897152698,0.183243625368684,0.00153427178401344
Nx014_dt0p25h,14,0.25,1275300,14.7604166666667,0.184842055675617,0.183308318604908,0.00153373707070822
Nx014_dt0p25h,14,0.25,1276200,14.7708333333333,0.184906191933778,0.183372989017459,0.00153320291631948
Nx014_dt0p25h,14,0.25,1277100,14.78125,0.184970305950348,0.183437636630472,0.00153266931987561
Nx014_dt0p25h,14,0.25,1278000,14.7916666666667,0.185034397748452,0.183502261468045,0.00153213628040721
Nx014_dt0p25h,14,0.25,1278900,14.8020833333333,0.185098467351175,0.183566863554228,0.00153160379694728
Nx014_dt0p25h,14,0.25,1279800,14.8125,0.185162514781564,0.183631442913033,0.0015310718685311
Nx014_dt0p25h,14,0.25,1280700,14.8229166666667,0.185226540062625,0.183695999568428,0.00153054049419665
Nx014_dt0p25h,14,0.25,1281600,14.8333333333333,0.185290543217322,0.183760533544338,0.00153000967298361
Nx014_dt0p25h,14,0.25,1282500,14.84375,0.185354524268583,0.183825044864648,0.0015294794039348
Nx014_dt0p25h,14,0.25,1283400,14.8541666666667,0.185418483239294,0.1838895335532,0.00152894968609477
Nx014_dt0p25h,14,0.25,1284300,14.8645833333333,0.185482420152304,0.183953999633793,0.00152842051851071
Nx014_dt0p25h,14,0.25,1285200,14.875,0.185546335030419,0.184018443130187,0.00152789190023161
Nx014_dt0p25h,14,0.25,1286100,14.8854166666667,0.185610227896408,0.184082864066098,0.00152736383030952
Nx014_dt0p25h,14,0.25,1287000,14.8958333333333,0.185674098773001,0.184147262465202,0.00152683630779857
Nx014_dt0p25h,14,0.25,1287900,14.90625,0.185737947682888,0.184211638351133,0.00152630933175471
Nx014_dt0p25h,14,0.25,1288800,14.9166666666667,0.18580177464872,0.184275991747483,0.00152578290123676
Nx014_dt0p25h,14,0.25,1289700,14.9270833333333,0.18586557969311,0.184340322677805,0.0015252570153054
Nx014_dt0p25h,14,0.25,1290600,14.9375,0.185929362838631,0.184404631165608,0.00152473167302392
Nx014_dt0p25h,14,0.25,1291500,14.9479166666667,0.185993124107819,0.184468917234361,0.00152420687345764
Nx014_dt0p25h,14,0.25,1292400,14.9583333333333,0.186056863523169,0.184533180907495,0.00152368261567415
Nx014_dt0p25h,14,0.25,1293300,14.96875,0.186120581107139,0.184597422208396,0.00152315889874352
Nx014_dt0p25h,14,0.25,1294200,14.9791666666667,0.186184276882148,0.184661641160411,0.00152263572173764
Nx014_dt0p25h,14,0.25,1295100,14.9895833333333,0.186247950870578,0.184725837786847,0.00152211308373137
Nx014_dt0p25h,14,0.25,1296000,15,0.18631160309477,0.184790012110969,0.00152159098380097
Nx014_dt0p25h,14,0.25,1296900,15.0104166666667,0.18637523357703,0.184854164156004,0.0015210694210252
Nx014_dt0p25h,14,0.25,1297800,15.0208333333333,0.186438842339623,0.184918293945137,0.00152054839448548
Nx014_dt0p25h,14,0.25,1298700,15.03125,0.186502429404777,0.184982401501512,0.00152002790326519
Nx014_dt0p25h,14,0.25,1299600,15.0416666666667,0.186565994794684,0.185046486848235,0.00151950794644942
Nx014_dt0p25h,14,0.25,1300500,15.0520833333333,0.186629538531496,0.18511055000837,0.00151898852312582
Nx014_dt0p25h,14,0.25,1301400,15.0625,0.186693060637327,0.185174591004943,0.00151846963238458
Nx014_dt0p25h,14,0.25,1302300,15.0729166666667,0.186756561134256,0.185238609860938,0.00151795127331775
Nx014_dt0p25h,14,0.25,1303200,15.0833333333333,0.186820040044321,0.185302606599302,0.00151743344501937
Nx014_dt0p25h,14,0.25,1304100,15.09375,0.186883497389525,0.185366581242939,0.00151691614658603
Nx014_dt0p25h,14,0.25,1305000,15.1041666666667,0.186946933191833,0.185430533814717,0.00151639937711626
Nx014_dt0p25h,14,0.25,1305900,15.1145833333333,0.187010347473173,0.185494464337462,0.00151588313571077
Nx014_dt0p25h,14,0.25,1306800,15.125,0.187073740255434,0.185558372833961,0.0015153674214724
Nx014_dt0p25h,14,0.25,1307700,15.1354166666667,0.18713711156047,0.185622259326964,0.00151485223350617
Nx014_dt0p25h,14,0.25,1308600,15.1458333333333,0.187200461410098,0.185686123839179,0.00151433757091946
Nx014_dt0p25h,14,0.25,1309500,15.15625,0.187263789826097,0.185749966393276,0.00151382343282136
Nx014_dt0p25h,14,0.25,1310400,15.1666666666667,0.18732709683021,0.185813787011886,0.00151330981832348
Nx014_dt0p25h,14,0.25,1311300,15.1770833333333,0.187390382444141,0.185877585717602,0.00151279672653915
Nx014_dt0p25h,14,0.25,1312200,15.1875,0.187453646689561,0.185941362532977,0.00151228415658419
Nx014_dt0p25h,14,0.25,1313100,15.1979166666667,0.187516889588102,0.186005117480526,0.0015117721075763
Nx014_dt0p25h,14,0.25,1314000,15.2083333333333,0.18758011116136,0.186068850582724,0.0015112605786354
Nx014_dt0p25h,14,0.25,1314900,15.21875,0.187643311430894,0.186132561862011,0.00151074956888336
Nx014_dt0p25h,14,0.25,1315800,15.2291666666667,0.187706490418229,0.186196251340784,0.00151023907744441
Nx014_dt0p25h,14,0.25,1316700,15.2395833333333,0.18776964814485,0.186259919041406,0.00150972910344452
Nx014_dt0p25h,14,0.25,1317600,15.25,0.18783278463221,0.186323564986198,0.00150921964601192
Nx014_dt0p25h,14,0.25,1318500,15.2604166666667,0.187895899901722,0.186387189197445,0.00150871070427686
Nx014_dt0p25h,14,0.25,1319400,15.2708333333333,0.187958993974766,0.186450791697394,0.00150820227737178
Nx014_dt0p25h,14,0.25,1320300,15.28125,0.188022066872685,0.186514372508254,0.00150769436443096
Nx014_dt0p25h,14,0.25,1321200,15.2916666666667,0.188085118616786,0.186577931652196,0.00150718696459073
Nx014_dt0p25h,14,0.25,1322100,15.3020833333333,0.188148149228341,0.186641469151351,0.00150668007698992
Nx014_dt0p25h,14,0.25,1323000,15.3125,0.188211158728585,0.186704985027816,0.00150617370076891
Nx014_dt0p25h,14,0.25,1323900,15.3229166666667,0.188274147138718,0.186768479303648,0.00150566783506989
Nx014_dt0p25h,14,0.25,1324800,15.3333333333333,0.188337114479906,0.186831952000868,0.00150516247903798
Nx014_dt0p25h,14,0.25,1325700,15.34375,0.188400060773278,0.186895403141458,0.00150465763181934
Nx014_dt0p25h,14,0.25,1326600,15.3541666666667,0.188462986039927,0.186958832747364,0.00150415329256293
Nx014_dt0p25h,14,0.25,1327500,15.3645833333333,0.188525890300913,0.187022240840494,0.00150364946041917
Nx014_dt0p25h,14,0.25,1328400,15.375,0.18858877357726,0.18708562744272,0.00150314613454056
Nx014_dt0p25h,14,0.25,1329300,15.3854166666667,0.188651635889956,0.187148992575874,0.00150264331408204
Nx014_dt0p25h,14,0.25,1330200,15.3958333333333,0.188714477259955,0.187212336261755,0.00150214099819984
Nx014_dt0p25h,14,0.25,1331100,15.40625,0.188777297708175,0.187275658522122,0.00150163918605281
Nx014_dt0p25h,14,0.25,1332000,15.4166666666667,0.188840097255501,0.187338959378699,0.00150113787680151
Nx014_dt0p25h,14,0.25,1332900,15.4270833333333,0.188902875922782,0.187402238853173,0.00150063706960829
Nx014_dt0p25h,14,0.25,1333800,15.4375,0.188965633730831,0.187465496967194,0.00150013676363778
Nx014_dt0p25h,14,0.25,1334700,15.4479166666667,0.18902837070043,0.187528733742374,0.00149963695805638
Nx014_dt0p25h,14,0.25,1335600,15.4583333333333,0.189091086852324,0.187591949200292,0.00149913765203238
Nx014_dt0p25h,14,0.25,1336500,15.46875,0.189153782207224,0.187655143362488,0.00149863884473636
Nx014_dt0p25h,14,0.25,1337400,15.4791666666667,0.189216456785806,0.187718316250465,0.00149814053534064
Nx014_dt0p25h,14,0.25,1338300,15.4895833333333,0.189279110608713,0.187781467885694,0.00149764272301928
Nx014_dt0p25h,14,0.25,1339200,15.5,0.189341743696553,0.187844598289605,0.0014971454069482
Nx014_dt0p25h,14,0.25,1340100,15.5104166666667,0.189404356069901,0.187907707483595,0.0014966485863061
Nx014_dt0p25h,14,0.25,1341000,15.5208333333333,0.189466947749297,0.187970795489024,0.00149615226027253
Nx014_dt0p25h,14,0.25,1341900,15.53125,0.189529518755246,0.188033862327216,0.00149565642802971
Nx014_dt0p25h,14,0.25,1342800,15.5416666666667,0.189592069108221,0.18809690801946,0.00149516108876122
Nx014_dt0p25h,14,0.25,1343700,15.5520833333333,0.189654598828662,0.188159932587009,0.00149466624165279
Nx014_dt0p25h,14,0.25,1344600,15.5625,0.189717107936972,0.188222936051079,0.00149417188589224
Nx014_dt0p25h,14,0.25,1345500,15.5729166666667,0.189779596453522,0.188285918432853,0.00149367802066891
Nx014_dt0p25h,14,0.25,1346400,15.5833333333333,0.189842064398652,0.188348879753477,0.00149318464517428
Nx014_dt0p25h,14,0.25,1347300,15.59375,0.189904511792664,0.188411820034062,0.00149269175860162
Nx014_dt0p25h,14,0.25,1348200,15.6041666666667,0.189966938655829,0.188474739295683,0.00149219936014608
Nx014_dt0p25h,14,0.25,1349100,15.6145833333333,0.190029345008386,0.188537637559381,0.00149170744900459
Nx014_dt0p25h,14,0.25,1350000,15.625,0.190091730870538,0.188600514846161,0.00149121602437624
Nx014_dt0p25h,14,0.25,1350900,15.6354166666667,0.190154096262456,0.188663371176994,0.00149072508546166
Nx014_dt0p25h,14,0.25,1351800,15.6458333333333,0.190216441204278,0.188726206572815,0.00149023463146322
Nx014_dt0p25h,14,0.25,1352700,15.65625,0.19027876571611,0.188789021054524,0.00148974466158588
Nx014_dt0p25h,14,0.25,1353600,15.6666666666667,0.190341069818023,0.188851814642988,0.00148925517503559
Nx014_dt0p25h,14,0.25,1354500,15.6770833333333,0.190403353530057,0.188914587359036,0.00148876617102026
Nx014_dt0p25h,14,0.25,1355400,15.6875,0.190465616872217,0.188977339223467,0.00148827764875029
Nx014_dt0p25h,14,0.25,1356300,15.6979166666667,0.190527859864477,0.18904007025704,0.00148778960743709
Nx014_dt0p25h,14,0.25,1357200,15.7083333333333,0.19059008252678,0.189102780480485,0.00148730204629471
Nx014_dt0p25h,14,0.25,1358100,15.71875,0.190652284879031,0.189165469914494,0.00148681496453792
Nx014_dt0p25h,14,0.25,1359000,15.7291666666667,0.190714466941109,0.189228138579725,0.00148632836138446
Nx014_dt0p25h,14,0.25,1359900,15.7395833333333,0.190776628732856,0.189290786496803,0.001485842236053
Nx014_dt0p25h,14,0.25,1360800,15.75,0.190838770274084,0.189353413686319,0.00148535658776472
Nx014_dt0p25h,14,0.25,1361700,15.7604166666667,0.190900891584571,0.189416020168829,0.00148487141574188
Nx014_dt0p25h,14,0.25,1362600,15.7708333333333,0.190962992684063,0.189478605964855,0.00148438671920884
Nx014_dt0p25h,14,0.25,1363500,15.78125,0.191025073592277,0.189541171094885,0.00148390249739228
Nx014_dt0p25h,14,0.25,1364400,15.7916666666667,0.191087134328894,0.189603715579374,0.00148341874951963
Nx014_dt0p25h,14,0.25,1365300,15.8020833333333,0.191149174913564,0.189666239438743,0.00148293547482078
Nx014_dt0p25h,14,0.25,1366200,15.8125,0.191211195365907,0.18972874269338,0.00148245267252736
Nx014_dt0p25h,14,0.25,1367100,15.8229166666667,0.191273195705509,0.189791225363637,0.00148197034187247
Nx014_dt0p25h,14,0.25,1368000,15.8333333333333,0.191335175951925,0.189853687469834,0.00148148848209131
Nx014_dt0p25h,14,0.25,1368900,15.84375,0.191397136124679,0.189916129032259,0.00148100709242036
Nx014_dt0p25h,14,0.25,1369800,15.8541666666667,0.191459076243262,0.189978550071164,0.00148052617209843
Nx014_dt0p25h,14,0.25,1370700,15.8645833333333,0.191520996327135,0.190040950606769,0.00148004572036561
Nx014_dt0p25h,14,0.25,1371600,15.875,0.191582896395725,0.190103330659262,0.00147956573646382
Nx014_dt0p25h,14,0.25,1372500,15.8854166666667,0.191644776468432,0.190165690248795,0.00147908621963685
Nx014_dt0p25h,14,0.25,1373400,15.8958333333333,0.191706636564619,0.190228029395489,0.00147860716913031
Nx014_dt0p25h,14,0.25,1374300,15.90625,0.191768476703623,0.190290348119432,0.00147812858419111
Nx014_dt0p25h,14,0.25,1375200,15.9166666666667,0.191830296904746,0.190352646440678,0.00147765046406823
Nx014_dt0p25h,14,0.25,1376100,15.9270833333333,0.191892097187262,0.19041492437925,0.00147717280801241
Nx014_dt0p25h,14,0.25,1377000,15.9375,0.191953877570411,0.190477181955135,0.00147669561527591
Nx014_dt0p25h,14,0.25,1377900,15.9479166666667,0.192015638073404,0.190539419188291,0.0014762188851124
Nx014_dt0p25h,14,0.25,1378800,15.9583333333333,0.19207737871542,0.190601636098642,0.00147574261677799
Nx014_dt0p25h,14,0.25,1379700,15.96875,0.192139099515607,0.190663832706078,0.00147526680952986
Nx014_dt0p25h,14,0.25,1380600,15.9791666666667,0.192200800493085,0.190726009030457,0.0014747914626273
Nx014_dt0p25h,14,0.25,1381500,15.9895833333333,0.192262481666939,0.190788165091608,0.00147431657533081
Nx014_dt0p25h,14,0.25,1382400,16,0.192324143056226,0.190850300909323,0.00147384214690288
Nx014_dt0p25h,14,0.25,1383300,16.0104166666667,0.192385784679973,0.190912416503365,0.00147336817660768
Nx014_dt0p25h,14,0.25,1384200,16.0208333333333,0.192447406557174,0.190974511893463,0.00147289466371117
Nx014_dt0p25h,14,0.25,1385100,16.03125,0.192509008706794,0.191036587099314,0.0014724216074804
Nx014_dt0p25h,14,0.25,1386000,16.0416666666667,0.192570591147769,0.191098642140584,0.00147194900718475
Nx014_dt0p25h,14,0.25,1386900,16.0520833333333,0.192632153899002,0.191160677036907,0.00147147686209489
Nx014_dt0p25h,14,0.25,1387800,16.0625,0.192693696979368,0.191222691807885,0.00147100517148327
Nx014_dt0p25h,14,0.25,1388700,16.0729166666667,0.19275522040771,0.191284686473086,0.00147053393462385
Nx014_dt0p25h,14,0.25,1389600,16.0833333333333,0.192816724202843,0.19134666105205,0.00147006315079226
Nx014_dt0p25h,14,0.25,1390500,16.09375,0.192878208383549,0.191408615564283,0.00146959281926598
Nx014_dt0p25h,14,0.25,1391400,16.1041666666667,0.192939672968584,0.19147055002926,0.00146912293932383
Nx014_dt0p25h,14,0.25,1392300,16.1145833333333,0.193001117976671,0.191532464466424,0.00146865351024644
Nx014_dt0p25h,14,0.25,1393200,16.125,0.193062543426504,0.191594358895187,0.00146818453131611
Nx014_dt0p25h,14,0.25,1394100,16.1354166666667,0.193123949336747,0.191656233334931,0.00146771600181636
Nx014_dt0p25h,14,0.25,1395000,16.1458333333333,0.193185335726035,0.191718087805002,0.00146724792103281
Nx014_dt0p25h,14,0.25,1395900,16.15625,0.193246702612974,0.191779922324722,0.00146678028825245
Nx014_dt0p25h,14,0.25,1396800,16.1666666666667,0.193308050016138,0.191841736913374,0.00146631310276396
Nx014_dt0p25h,14,0.25,1397700,16.1770833333333,0.193369377954074,0.191903531590217,0.00146584636385738
Nx014_dt0p25h,14,0.25,1398600,16.1875,0.193430686445299,0.191965306374474,0.00146538007082475
Nx014_dt0p25h,14,0.25,1399500,16.1979166666667,0.193491975508299,0.192027061285339,0.00146491422295933
Nx014_dt0p25h,14,0.25,1400400,16.2083333333333,0.193553245161532,0.192088796341976,0.00146444881955615
Nx014_dt0p25h,14,0.25,1401300,16.21875,0.193614495423427,0.192150511563515,0.00146398385991181
Nx014_dt0p25h,14,0.25,1402200,16.2291666666667,0.193675726312384,0.19221220696906,0.00146351934332434
Nx014_dt0p25h,14,0.25,1403100,16.2395833333333,0.193736937846773,0.192273882577679,0.00146305526909343
Nx014_dt0p25h,14,0.25,1404000,16.25,0.193798130044935,0.192335538408414,0.0014625916365206
Nx014_dt0p25h,14,0.25,1404900,16.2604166666667,0.193859302925182,0.192397174480273,0.00146212844490867
Nx014_dt0p25h,14,0.25,1405800,16.2708333333333,0.193920456505799,0.192458790812237,0.0014616656935616
Nx014_dt0p25h,14,0.25,1406700,16.28125,0.193981590805039,0.192520387423253,0.00146120338178585
Nx014_dt0p25h,14,0.25,1407600,16.2916666666667,0.194042705841129,0.19258196433224,0.00146074150888861
Nx014_dt0p25h,14,0.25,1408500,16.3020833333333,0.194103801632265,0.192643521558086,0.00146028007417895
Nx014_dt0p25h,14,0.25,1409400,16.3125,0.194164878196616,0.192705059119648,0.00145981907696763
Nx014_dt0p25h,14,0.25,1410300,16.3229166666667,0.194225935552322,0.192766577035755,0.00145935851656656
Nx014_dt0p25h,14,0.25,1411200,16.3333333333333,0.194286973717494,0.192828075325204,0.00145889839228952
Nx014_dt0p25h,14,0.25,1412100,16.34375,0.194347992710214,0.192889554006763,0.00145843870345166
Nx014_dt0p25h,14,0.25,1413000,16.3541666666667,0.194408992548538,0.192951013099169,0.00145797944936951
Nx014_dt0p25h,14,0.25,1413900,16.3645833333333,0.194469973250492,0.19301245262113,0.00145752062936144
Nx014_dt0p25h,14,0.25,1414800,16.375,0.194530934834072,0.193073872591325,0.00145706224274708
Nx014_dt0p25h,14,0.25,1415700,16.3854166666667,0.194591877317249,0.193135273028401,0.00145660428884792
Nx014_dt0p25h,14,0.25,1416600,16.3958333333333,0.194652800717964,0.193196653950977,0.00145614676698641
Nx014_dt0p25h,14,0.25,1417500,16.40625,0.19471370505413,0.193258015377643,0.00145568967648679
Nx014_dt0p25h,14,0.25,1418400,16.4166666666667,0.194774590343633,0.193319357326958,0.00145523301667502
Nx014_dt0p25h,14,0.25,1419300,16.4270833333333,0.194835456604329,0.193380679817451,0.00145477678687811
Nx014_dt0p25h,14,0.25,1420200,16.4375,0.194896303854049,0.193441982867624,0.0014543209864249
Nx014_dt0p25h,14,0.25,1421100,16.4479166666667,0.194957132110593,0.193503266495947,0.00145386561464542
Nx014_dt0p25h,14,0.25,1422000,16.4583333333333,0.195017941391735,0.193564530720863,0.00145341067087171
Nx014_dt0p25h,14,0.25,1422900,16.46875,0.195078731715221,0.193625775560785,0.00145295615443636
Nx014_dt0p25h,14,0.25,1423800,16.4791666666667,0.19513950309877,0.193687001034096,0.00145250206467454
Nx014_dt0p25h,14,0.25,1424700,16.4895833333333,0.195200255560072,0.193748207159151,0.00145204840092192
Nx014_dt0p25h,14,0.25,1425600,16.5,0.195260989116791,0.193809393954274,0.00145159516251653
Nx014_dt0p25h,14,0.25,1426500,16.5104166666667,0.195321703786561,0.193870561437764,0.00145114234879706
Nx014_dt0p25h,14,0.25,1427400,16.5208333333333,0.195382399586991,0.193931709627887,0.00145068995910388
Nx014_dt0p25h,14,0.25,1428300,16.53125,0.195443076535662,0.193992838542883,0.0014502379927793
Nx014_dt0p25h,14,0.25,1429200,16.5416666666667,0.195503734650128,0.194053948200961,0.00144978644916624
Nx014_dt0p25h,14,0.25,1430100,16.5520833333333,0.195564373947913,0.194115038620304,0.00144933532760982
Nx014_dt0p25h,14,0.25,1431000,16.5625,0.195624994446519,0.194176109819063,0.00144888462745621
Nx014_dt0p25h,14,0.25,1431900,16.5729166666667,0.195685596163416,0.194237161815362,0.00144843434805331
Nx014_dt0p25h,14,0.25,1432800,16.5833333333333,0.195746179116049,0.194298194627299,0.00144798448874961
Nx014_dt0p25h,14,0.25,1433700,16.59375,0.195806743321836,0.19435920827294,0.00144753504889625
Nx014_dt0p25h,14,0.25,1434600,16.6041666666667,0.195867288798168,0.194420202770323,0.00144708602784496
Nx014_dt0p25h,14,0.25,1435500,16.6145833333333,0.195927815562408,0.194481178137459,0.00144663742494919
Nx014_dt0p25h,14,0.25,1436400,16.625,0.195988323631895,0.194542134392331,0.00144618923956374
Nx014_dt0p25h,14,0.25,1437300,16.6354166666667,0.196048813023937,0.194603071552892,0.0014457414710449
Nx014_dt0p25h,14,0.25,1438200,16.6458333333333,0.196109283755819,0.194663989637069,0.00144529411875
Nx014_dt0p25h,14,0.25,1439100,16.65625,0.196169735844798,0.194724888662759,0.00144484718203838
Nx014_dt0p25h,14,0.25,1440000,16.6666666666667,0.196230169308103,0.194785768647832,0.00144440066027041
Nx014_dt0p25h,14,0.25,1440900,16.6770833333333,0.196290584162938,0.194846629610131,0.00144395455280777
Nx014_dt0p25h,14,0.25,1441800,16.6875,0.196350980426481,0.194907471567468,0.0014435088590139
Nx014_dt0p25h,14,0.25,1442700,16.6979166666667,0.196411358115883,0.19496829453763,0.00144306357825288
Nx014_dt0p25h,14,0.25,1443600,16.7083333333333,0.196471717248267,0.195029098538375,0.00144261870989143
Nx014_dt0p25h,14,0.25,1444500,16.71875,0.196532057840732,0.195089883587435,0.0014421742532964
Nx014_dt0p25h,14,0.25,1445400,16.7291666666667,0.196592379910349,0.195150649702512,0.00144173020783664
Nx014_dt0p25h,14,0.25,1446300,16.7395833333333,0.196652683474164,0.195211396901281,0.00144128657288226
Nx014_dt0p25h,14,0.25,1447200,16.75,0.196712968549196,0.195272125201391,0.00144084334780473
Nx014_dt0p25h,14,0.25,1448100,16.7604166666667,0.196773235152439,0.195332834620462,0.00144040053197714
Nx014_dt0p25h,14,0.25,1449000,16.7708333333333,0.196833483300859,0.195393525176086,0.0014399581247736
Nx014_dt0p25h,14,0.25,1449900,16.78125,0.196893713011398,0.195454196885829,0.00143951612556922
Nx014_dt0p25h,14,0.25,1450800,16.7916666666667,0.196953924300972,0.19551484976723,0.00143907453374148
Nx014_dt0p25h,14,0.25,1451700,16.8020833333333,0.197014117186469,0.1955754838378,0.00143863334866848
Nx014_dt0p25h,14,0.25,1452600,16.8125,0.197074291684752,0.195636099115023,0.0014381925697296
Nx014_dt0p25h,14,0.25,1453500,16.8229166666667,0.197134447812661,0.195696695616355,0.00143775219630618
Nx014_dt0p25h,14,0.25,1454400,16.8333333333333,0.197194585587006,0.195757273359226,0.00143731222778029
Nx014_dt0p25h,14,0.25,1455300,16.84375,0.197254705024575,0.195817832361039,0.00143687266353559
Nx014_dt0p25h,14,0.25,1456200,16.8541666666667,0.197314806142127,0.19587837263917,0.00143643350295708
Nx014_dt0p25h,14,0.25,1457100,16.8645833333333,0.197374888956399,0.195938894210968,0.00143599474543118
Nx014_dt0p25h,14,0.25,1458000,16.875,0.197434953484099,0.195999397093754,0.00143555639034526
Nx014_dt0p25h,14,0.25,1458900,16.8854166666667,0.197494999741913,0.196059881304824,0.00143511843708843
Nx014_dt0p25h,14,0.25,1459800,16.8958333333333,0.197555027746498,0.196120346861447,0.00143468088505086
Nx014_dt0p25h,14,0.25,1460700,16.90625,0.197615037514489,0.196180793780864,0.00143424373362422
Nx014_dt0p25h,14,0.25,1461600,16.9166666666667,0.197675029062493,0.196241222080292,0.0014338069822013
Nx014_dt0p25h,14,0.25,1462500,16.9270833333333,0.197735002407094,0.196301631776918,0.00143337063017626
Nx014_dt0p25h,14,0.25,1463400,16.9375,0.197794957564849,0.196362022887905,0.00143293467694469
Nx014_dt0p25h,14,0.25,1464300,16.9479166666667,0.197854894552292,0.196422395430388,0.00143249912190335
Nx014_dt0p25h,14,0.25,1465200,16.9583333333333,0.197914813385929,0.196482749421479,0.00143206396445023
Nx014_dt0p25h,14,0.25,1466100,16.96875,0.197974714082243,0.196543084878258,0.00143162920398493
Nx014_dt0p25h,14,0.25,1467000,16.9791666666667,0.198034596657692,0.196603401817785,0.00143119483990783
Nx014_dt0p25h,14,0.25,1467900,16.9895833333333,0.198094461128709,0.196663700257088,0.00143076087162117
Nx014_dt0p25h,14,0.25,1468800,17,0.198154307511702,0.196723980213173,0.00143032729852807
Nx014_dt0p25h,14,0.25,1469700,17.0104166666667,0.198214135823052,0.196784241703019,0.00142989412003303
Nx014_dt0p25h,14,0.25,1470600,17.0208333333333,0.19827394607912,0.196844484743578,0.00142946133554173
Nx014_dt0p25h,14,0.25,1471500,17.03125,0.198333738296237,0.196904709351776,0.0014290289444614
Nx014_dt0p25h,14,0.25,1472400,17.0416666666667,0.198393512490714,0.196964915544514,0.00142859694620029
Nx014_dt0p25h,14,0.25,1473300,17.0520833333333,0.198453268678835,0.197025103338667,0.00142816534016804
Nx014_dt0p25h,14,0.25,1474200,17.0625,0.198513006876858,0.197085272751083,0.0014277341257756
Nx014_dt0p25h,14,0.25,1475100,17.0729166666667,0.19857272710102,0.197145423798586,0.00142730330243457
Nx014_dt0p25h,14,0.25,1476000,17.0833333333333,0.198632429367532,0.197205556497973,0.001426872869559
Nx014_dt0p25h,14,0.25,1476900,17.09375,0.198692113692578,0.197265670866015,0.0014264428265631
Nx014_dt0p25h,14,0.25,1477800,17.1041666666667,0.198751780092323,0.19732576691946,0.00142601317286301
Nx014_dt0p25h,14,0.25,1478700,17.1145833333333,0.198811428582903,0.197385844675028,0.00142558390787559
Nx014_dt0p25h,14,0.25,1479600,17.125,0.198871059180432,0.197445904149413,0.00142515503101934
Nx014_dt0p25h,14,0.25,1480500,17.1354166666667,0.198930671901,0.197505945359286,0.00142472654171363
Nx014_dt0p25h,14,0.25,1481400,17.1458333333333,0.198990266760671,0.197565968321291,0.00142429843937952
Nx014_dt0p25h,14,0.25,1482300,17.15625,0.199049843775486,0.197625973052047,0.001423870723439
Nx014_dt0p25h,14,0.25,1483200,17.1666666666667,0.199109402961463,0.197685959568148,0.00142344339331543
Nx014_dt0p25h,14,0.25,1484100,17.1770833333333,0.199168944334595,0.197745927886162,0.00142301644843307
Nx014_dt0p25h,14,0.25,1485000,17.1875,0.19922846791085,0.197805878022632,0.001422589888218
Nx014_dt0p25h,14,0.25,1485900,17.1979166666667,0.199287973706175,0.197865809994078,0.00142216371209672
Nx014_dt0p25h,14,0.25,1486800,17.2083333333333,0.19934746173649,0.197925723816992,0.00142173791949779
Nx014_dt0p25h,14,0.25,1487700,17.21875,0.199406932017693,0.197985619507842,0.00142131250985053
Nx014_dt0p25h,14,0.25,1488600,17.2291666666667,0.199466384565657,0.198045497083072,0.00142088748258526
Nx014_dt0p25h,14,0.25,1489500,17.2395833333333,0.199525819396234,0.1981053565591,0.00142046283713401
Nx014_dt0p25h,14,0.25,1490400,17.25,0.199585236525249,0.198165197952319,0.00142003857292961
Nx014_dt0p25h,14,0.25,1491300,17.2604166666667,0.199644635968505,0.198225021279099,0.00141961468940646
Nx014_dt0p25h,14,0.25,1492200,17.2708333333333,0.199704017741782,0.198284826555783,0.00141919118599962
Nx014_dt0p25h,14,0.25,1493100,17.28125,0.199763381860836,0.19834461379869,0.00141876806214589
Nx014_dt0p25h,14,0.25,1494000,17.2916666666667,0.199822728341398,0.198404383024115,0.00141834531728308
Nx014_dt0p25h,14,0.25,1494900,17.3020833333333,0.199882057199179,0.198464134248329,0.00141792295084978
Nx014_dt0p25h,14,0.25,1495800,17.3125,0.199941368449863,0.198523867487576,0.00141750096228643
Nx014_dt0p25h,14,0.25,1496700,17.3229166666667,0.200000662109113,0.198583582758078,0.00141707935103444
Nx014_dt0p25h,14,0.25,1497600,17.3333333333333,0.200059938192568,0.198643280076031,0.0014166581165361
Nx014_dt0p25h,14,0.25,1498500,17.34375,0.200119196715843,0.198702959457608,0.00141623725823506
Nx014_dt0p25h,14,0.25,1499400,17.3541666666667,0.200178437694533,0.198762620918957,0.00141581677557609
Nx014_dt0p25h,14,0.25,1500300,17.3645833333333,0.200237661144206,0.1988222644762,0.00141539666800536
Nx014_dt0p25h,14,0.25,1501200,17.375,0.200296867080408,0.198881890145438,0.00141497693497003
Nx014_dt0p25h,14,0.25,1502100,17.3854166666667,0.200356055518664,0.198941497942746,0.00141455757591835
Nx014_dt0p25h,14,0.25,1503000,17.3958333333333,0.200415226474474,0.199001087884174,0.0014141385902996
Nx014_dt0p25h,14,0.25,1503900,17.40625,0.200474379963315,0.19906065998575,0.00141371997756479
Nx014_dt0p25h,14,0.25,1504800,17.4166666666667,0.200533516000642,0.199120214263477,0.00141330173716528
Nx014_dt0p25h,14,0.25,1505700,17.4270833333333,0.200592634601888,0.199179750733334,0.00141288386855429
Nx014_dt0p25h,14,0.25,1506600,17.4375,0.200651735782461,0.199239269411275,0.001412466371186
Nx014_dt0p25h,14,0.25,1507500,17.4479166666667,0.200710819557747,0.199298770313232,0.0014120492445151
Nx014_dt0p25h,14,0.25,1508400,17.4583333333333,0.200769885943112,0.199358253455113,0.00141163248799864
Nx014_dt0p25h,14,0.25,1509300,17.46875,0.200828934953894,0.199417718852801,0.00141121610109365
Nx014_dt0p25h,14,0.25,1510200,17.4791666666667,0.200887966605414,0.199477166522155,0.00141080008325892
Nx014_dt0p25h,14,0.25,1511100,17.4895833333333,0.200946980912967,0.199536596479013,0.00141038443395394
Nx014_dt0p25h,14,0.25,1512000,17.5,0.201005977891826,0.199596008739186,0.00140996915264002
Nx014_dt0p25h,14,0.25,1512900,17.5104166666667,0.201064957557242,0.199655403318463,0.00140955423877887
Nx014_dt0p25h,14,0.25,1513800,17.5208333333333,0.201123919924444,0.199714780232611,0.00140913969183379
Nx014_dt0p25h,14,0.25,1514700,17.53125,0.201182865008639,0.19977413949737,0.00140872551126897
Nx014_dt0p25h,14,0.25,1515600,17.5416666666667,0.201241792825009,0.19983348112846,0.00140831169654967
Nx014_dt0p25h,14,0.25,1516500,17.5520833333333,0.201300703388717,0.199892805141575,0.00140789824714252
Nx014_dt0p25h,14,0.25,1517400,17.5625,0.201359596714902,0.199952111552387,0.00140748516251502
Nx014_dt0p25h,14,0.25,1518300,17.5729166666667,0.201418472818681,0.200011400376546,0.00140707244213581
Nx014_dt0p25h,14,0.25,1519200,17.5833333333333,0.20147733171515,0.200070671629675,0.00140666008547491
Nx014_dt0p25h,14,0.25,1520100,17.59375,0.20153617341938,0.200129925327378,0.0014062480920029
Nx014_dt0p25h,14,0.25,1521000,17.6041666666667,0.201594997946424,0.200189161485232,0.00140583646119205
Nx014_dt0p25h,14,0.25,1521900,17.6145833333333,0.20165380531131,0.200248380118794,0.00140542519251519
Nx014_dt0p25h,14,0.25,1522800,17.625,0.201712595529044,0.200307581243597,0.0014050142854467
Nx014_dt0p25h,14,0.25,1523700,17.6354166666667,0.201771368614613,0.200366764875151,0.00140460373946194
Nx014_dt0p25h,14,0.25,1524600,17.6458333333333,0.201830124582978,0.200425931028941,0.00140419355403693
Nx014_dt0p25h,14,0.25,1525500,17.65625,0.201888863449082,0.200485079720433,0.00140378372864924
Nx014_dt0p25h,14,0.25,1526400,17.6666666666667,0.201947585227844,0.200544210965067,0.00140337426277773
Nx014_dt0p25h,14,0.25,1527300,17.6770833333333,0.202006289934162,0.200603324778261,0.00140296515590163
Nx014_dt0p25h,14,0.25,1528200,17.6875,0.202064977582912,0.200662421175411,0.00140255640750159
Nx014_dt0p25h,14,0.25,1529100,17.6979166666667,0.202123648188948,0.200721500171889,0.00140214801705962
Nx014_dt0p25h,14,0.25,1530000,17.7083333333333,0.202182301767104,0.200780561783046,0.00140173998405838
Nx014_dt0p25h,14,0.25,1530900,17.71875,0.20224093833219,0.200839606024208,0.00140133230798173
Nx014_dt0p25h,14,0.25,1531800,17.7291666666667,0.202299557898996,0.200898632910682,0.00140092498831459
Nx014_dt0p25h,14,0.25,1532700,17.7395833333333,0.202358160482291,0.200957642457748,0.00140051802454297
Nx014_dt0p25h,14,0.25,1533600,17.75,0.202416746096822,0.201016634680668,0.00140011141615423
Nx014_dt0p25h,14,0.25,1534500,17.7604166666667,0.202475314757314,0.201075609594678,0.00139970516263624
Nx014_dt0p25h,14,0.25,1535400,17.7708333333333,0.202533866478471,0.201134567214993,0.00139929926347812
Nx014_dt0p25h,14,0.25,1536300,17.78125,0.202592401274976,0.201193507556805,0.00139889371817012
Nx014_dt0p25h,14,0.25,1537200,17.7916666666667,0.20265091916149,0.201252430635286,0.00139848852620367
Nx014_dt0p25h,14,0.25,1538100,17.8020833333333,0.202709420152654,0.201311336465583,0.00139808368707092
Nx014_dt0p25h,14,0.25,1539000,17.8125,0.202767904263088,0.201370225062822,0.00139767920026548
Nx014_dt0p25h,14,0.25,1539900,17.8229166666667,0.202826371507389,0.201429096442107,0.00139727506528148
Nx014_dt0p25h,14,0.25,1540800,17.8333333333333,0.202884821900134,0.201487950618519,0.00139687128161448
Nx014_dt0p25h,14,0.25,1541700,17.84375,0.202943255455878,0.201546787607118,0.00139646784876077
Nx014_dt0p25h,14,0.25,1542600,17.8541666666667,0.203001672189158,0.20160560742294,0.00139606476621815
Nx014_dt0p25h,14,0.25,1543500,17.8645833333333,0.203060072114487,0.201664410081002,0.00139566203348496
Nx014_dt0p25h,14,0.25,1544400,17.875,0.203118455246358,0.201723195596297,0.00139525965006071
Nx014_dt0p25h,14,0.25,1545300,17.8854166666667,0.203176821599243,0.201781963983797,0.00139485761544617
Nx014_dt0p25h,14,0.25,1546200,17.8958333333333,0.203235171187593,0.20184071525845,0.00139445592914278
Nx014_dt0p25h,14,0.25,1547100,17.90625,0.203293504025839,0.201899449435186,0.00139405459065325
Nx014_dt0p25h,14,0.25,1548000,17.9166666666667,0.203351820128391,0.20195816652891,0.00139365359948115
Nx014_dt0p25h,14,0.25,1548900,17.9270833333333,0.203410119509638,0.202016866554507,0.00139325295513121
Nx014_dt0p25h,14,0.25,1549800,17.9375,0.203468402183948,0.202075549526839,0.00139285265710909
Nx014_dt0p25h,14,0.25,1550700,17.9479166666667,0.203526668165668,0.202134215460747,0.0013924527049213
Nx014_dt0p25h,14,0.25,1551600,17.9583333333333,0.203584917469127,0.202192864371051,0.0013920530980758
Nx014_dt0p25h,14,0.25,1552500,17.96875,0.20364315010863,0.202251496272549,0.00139165383608092
Nx014_dt0p25h,14,0.25,1553400,17.9791666666667,0.203701366098464,0.202310111180017,0.00139125491844644
Nx014_dt0p25h,14,0.25,1554300,17.9895833333333,0.203759565452894,0.202368709108211,0.00139085634468317
Nx014_dt0p25h,14,0.25,1555200,18,0.203817748186166,0.202427290071863,0.00139045811430252
Nx014_dt0p25h,14,0.25,1556100,18.0104166666667,0.203875914312504,0.202485854085686,0.00139006022681759
Nx014_dt0p25h,14,0.25,1557000,18.0208333333333,0.203934063846112,0.202544401164371,0.00138966268174162
Nx014_dt0p25h,14,0.25,1557900,18.03125,0.203992196801176,0.202602931322587,0.00138926547858928
Nx014_dt0p25h,14,0.25,1558800,18.0416666666667,0.204050313191859,0.202661444574982,0.0013888686168764
Nx014_dt0p25h,14,0.25,1559700,18.0520833333333,0.204108413032304,0.202719940936184,0.00138847209611934
Nx014_dt0p25h,14,0.25,1560600,18.0625,0.204166496336635,0.202778420420799,0.00138807591583584
Nx014_dt0p25h,14,0.25,1561500,18.0729166666667,0.204224563118955,0.202836883043411,0.00138768007554432
Nx014_dt0p25h,14,0.25,1562400,18.0833333333333,0.204282613393349,0.202895328818584,0.00138728457476456
Nx014_dt0p25h,14,0.25,1563300,18.09375,0.204340647173878,0.202953757760861,0.00138688941301665
Nx014_dt0p25h,14,0.25,1564200,18.1041666666667,0.204398664474585,0.203012169884763,0.00138649458982237
Nx014_dt0p25h,14,0.25,1565100,18.1145833333333,0.204456665309495,0.203070565204791,0.00138610010470425
Nx014_dt0p25h,14,0.25,1566000,18.125,0.204514649692611,0.203128943735425,0.0013857059571856
Nx014_dt0p25h,14,0.25,1566900,18.1354166666667,0.204572617637915,0.203187305491124,0.00138531214679047
Nx014_dt0p25h,14,0.25,1567800,18.1458333333333,0.204630569159371,0.203245650486326,0.00138491867304447
Nx014_dt0p25h,14,0.25,1568700,18.15625,0.204688504270923,0.203303978735449,0.0013845255354738
Nx014_dt0p25h,14,0.25,1569600,18.1666666666667,0.204746422986494,0.203362290252888,0.00138413273360585
Nx014_dt0p25h,14,0.25,1570500,18.1770833333333,0.204804325319989,0.20342058505302,0.00138374026696872
Nx014_dt0p25h,14,0.25,1571400,18.1875,0.204862211285291,0.2034788631502,0.0013833481350915
Nx014_dt0p25h,14,0.25,1572300,18.1979166666667,0.204920080896267,0.203537124558762,0.00138295633750435
Nx014_dt0p25h,14,0.25,1573200,18.2083333333333,0.20497793416676,0.203595369293022,0.00138256487373808
Nx014_dt0p25h,14,0.25,1574100,18.21875,0.205035771110596,0.203653597367271,0.00138217374332508
Nx014_dt0p25h,14,0.25,1575000,18.2291666666667,0.205093591741581,0.203711808795784,0.00138178294579794
Nx014_dt0p25h,14,0.25,1575900,18.2395833333333,0.205151396073502,0.203770003592812,0.00138139248069058
Nx014_dt0p25h,14,0.25,1576800,18.25,0.205209184120125,0.203828181772588,0.00138100234753763
Nx014_dt0p25h,14,0.25,1577700,18.2604166666667,0.205266955895198,0.203886343349323,0.00138061254587524
Nx014_dt0p25h,14,0.25,1578600,18.2708333333333,0.205324711412449,0.203944488337209,0.00138022307523963
Nx014_dt0p25h,14,0.25,1579500,18.28125,0.205382450685586,0.204002616750417,0.00137983393516858
Nx014_dt0p25h,14,0.25,1580400,18.2916666666667,0.205440173728299,0.204060728603098,0.00137944512520066
Nx014_dt0p25h,14,0.25,1581300,18.3020833333333,0.205497880554258,0.204118823909382,0.00137905664487514
Nx014_dt0p25h,14,0.25,1582200,18.3125,0.205555571177113,0.204176902683381,0.00137866849373247
Nx014_dt0p25h,14,0.25,1583100,18.3229166666667,0.205613245610497,0.204234964939183,0.00137828067131388
Nx014_dt0p25h,14,0.25,1584000,18.3333333333333,0.205670903868022,0.20429301069086,0.00137789317716142
Nx014_dt0p25h,14,0.25,1584900,18.34375,0.20572854596328,0.204351039952462,0.00137750601081857
Nx014_dt0p25h,14,0.25,1585800,18.3541666666667,0.205786171909847,0.204409052738018,0.00137711917182887
Nx014_dt0p25h,14,0.25,1586700,18.3645833333333,0.205843781721277,0.20446704906154,0.00137673265973756
Nx014_dt0p25h,14,0.25,1587600,18.375,0.205901375411106,0.204525028937016,0.00137634647409043
Nx014_dt0p25h,14,0.25,1588500,18.3854166666667,0.205958952992852,0.204582992378418,0.00137596061443407
Nx014_dt0p25h,14,0.25,1589400,18.3958333333333,0.206016514480012,0.204640939399696,0.0013755750803163
Nx014_dt0p25h,14,0.25,1590300,18.40625,0.206074059886066,0.204698870014781,0.0013751898712854
Nx014_dt0p25h,14,0.25,1591200,18.4166666666667,0.206131589224474,0.204756784237583,0.00137480498689135
Nx014_dt0p25h,14,0.25,1592100,18.4270833333333,0.206189102508677,0.204814682081994,0.0013744204266837
Nx014_dt0p25h,14,0.25,1593000,18.4375,0.206246599752099,0.204872563561885,0.00137403619021426
Nx014_dt0p25h,14,0.25,1593900,18.4479166666667,0.206304080968143,0.204930428691108,0.00137365227703498
Nx014_dt0p25h,14,0.25,1594800,18.4583333333333,0.206361546170193,0.204988277483495,0.00137326868669882
Nx014_dt0p25h,14,0.25,1595700,18.46875,0.206418995371618,0.205046109952858,0.00137288541875966
Nx014_dt0p25h,14,0.25,1596600,18.4791666666667,0.206476428585764,0.205103926112991,0.0013725024727724
Nx014_dt0p25h,14,0.25,1597500,18.4895833333333,0.20653384582596,0.205161725977667,0.00137211984829272
Nx014_dt0p25h,14,0.25,1598400,18.5,0.206591247105518,0.205219509560641,0.00137173754487702
Nx014_dt0p25h,14,0.25,1599300,18.5104166666667,0.206648632437728,0.205277276875645,0.00137135556208282
Nx014_dt0p25h,14,0.25,1600200,18.5208333333333,0.206706001835865,0.205335027936397,0.0013709738994683
Nx014_dt0p25h,14,0.25,1601100,18.53125,0.206763355313184,0.205392762756592,0.00137059255659275
Nx014_dt0p25h,14,0.25,1602000,18.5416666666667,0.206820692882921,0.205450481349905,0.00137021153301622
Nx014_dt0p25h,14,0.25,1602900,18.5520833333333,0.206878014558295,0.205508183729995,0.00136983082829933
Nx014_dt0p25h,14,0.25,1603800,18.5625,0.206935320352504,0.2055658699105,0.00136945044200437
Nx014_dt0p25h,14,0.25,1604700,18.5729166666667,0.206992610278731,0.205623539905038,0.00136907037369347
Nx014_dt0p25h,14,0.25,1605600,18.5833333333333,0.207049884350139,0.205681193727208,0.00136869062293066
Nx014_dt0p25h,14,0.25,1606500,18.59375,0.207107142579872,0.205738831390592,0.00136831118927985
Nx014_dt0p25h,14,0.25,1607400,18.6041666666667,0.207164384981056,0.20579645290875,0.00136793207230637
Nx014_dt0p25h,14,0.25,1608300,18.6145833333333,0.207221611566802,0.205854058295225,0.00136755327157653
Nx014_dt0p25h,14,0.25,1609200,18.625,0.207278822350198,0.205911647563541,0.00136717478665702
Nx014_dt0p25h,14,0.25,1610100,18.6354166666667,0.207336017344316,0.205969220727201,0.00136679661711575
Nx014_dt0p25h,14,0.25,1611000,18.6458333333333,0.207393196562212,0.206026777799691,0.00136641876252139
Nx014_dt0p25h,14,0.25,1611900,18.65625,0.20745036001692,0.206084318794477,0.00136604122244341
Nx014_dt0p25h,14,0.25,1612800,18.6666666666667,0.207507507721459,0.206141843725007,0.00136566399645205
Nx014_dt0p25h,14,0.25,1613700,18.6770833333333,0.207564639688828,0.206199352604709,0.00136528708411843
Nx014_dt0p25h,14,0.25,1614600,18.6875,0.207621755932009,0.206256845446994,0.00136491048501475
Nx014_dt0p25h,14,0.25,1615500,18.6979166666667,0.207678856463967,0.206314322265253,0.00136453419871391
Nx014_dt0p25h,14,0.25,1616400,18.7083333333333,0.207735941297647,0.206371783072858,0.0013641582247893
Nx014_dt0p25h,14,0.25,1617300,18.71875,0.207793010445978,0.206429227883163,0.00136378256281569
Nx014_dt0p25h,14,0.25,1618200,18.7291666666667,0.207850063921871,0.206486656709502,0.00136340721236849
Nx014_dt0p25h,14,0.25,1619100,18.7395833333333,0.207907101738217,0.206544069565193,0.00136303217302383
Nx014_dt0p25h,14,0.25,1620000,18.75,0.207964123907892,0.206601466463534,0.00136265744435873
Nx014_dt0p25h,14,0.25,1620900,18.7604166666667,0.208021130443754,0.206658847417803,0.00136228302595101
Nx014_dt0p25h,14,0.25,1621800,18.7708333333333,0.20807812135864,0.206716212441261,0.00136190891737922
Nx014_dt0p25h,14,0.25,1622700,18.78125,0.208135096665374,0.206773561547151,0.00136153511822315
Nx014_dt0p25h,14,0.25,1623600,18.7916666666667,0.208192056376759,0.206830894748697,0.00136116162806296
Nx014_dt0p25h,14,0.25,1624500,18.8020833333333,0.208249000505583,0.206888212059103,0.00136078844647974
Nx014_dt0p25h,14,0.25,1625400,18.8125,0.208305929064614,0.206945513491558,0.00136041557305555
Nx014_dt0p25h,14,0.25,1626300,18.8229166666667,0.208362842066603,0.20700279905923,0.00136004300737333
Nx014_dt0p25h,14,0.25,1627200,18.8333333333333,0.208419739524286,0.20706006877527,0.00135967074901613
Nx014_dt0p25h,14,0.25,1628100,18.84375,0.208476621450377,0.207117322652808,0.00135929879756894
Nx014_dt0p25h,14,0.25,1629000,18.8541666666667,0.208533487857578,0.207174560704961,0.00135892715261665
Nx014_dt0p25h,14,0.25,1629900,18.8645833333333,0.208590338758569,0.207231782944823,0.0013585558137453
Nx014_dt0p25h,14,0.25,1630800,18.875,0.208647174166014,0.207288989385472,0.00135818478054184
Nx014_dt0p25h,14,0.25,1631700,18.8854166666667,0.208703994092562,0.207346180039968,0.00135781405259372
Nx014_dt0p25h,14,0.25,1632600,18.8958333333333,0.208760798550841,0.207403354921352,0.00135744362948939
Nx014_dt0p25h,14,0.25,1633500,18.90625,0.208817587553465,0.207460514042646,0.00135707351081843
Nx014_dt0p25h,14,0.25,1634400,18.9166666666667,0.208874361113028,0.207517657416858,0.00135670369617025
Nx014_dt0p25h,14,0.25,1635300,18.9270833333333,0.208931119242109,0.207574785056973,0.00135633418513598
Nx014_dt0p25h,14,0.25,1636200,18.9375,0.208987861953269,0.207631896975962,0.00135596497730742
Nx014_dt0p25h,14,0.25,1637100,18.9479166666667,0.209044589259052,0.207688993186776,0.00135559607227642
Nx014_dt0p25h,14,0.25,1638000,18.9583333333333,0.209101301171984,0.207746073702347,0.00135522746963676
Nx014_dt0p25h,14,0.25,1638900,18.96875,0.209157997704575,0.207803138535593,0.00135485916898237
Nx014_dt0p25h,14,0.25,1639800,18.9791666666667,0.209214678869319,0.207860187699411,0.00135449116990749
Nx014_dt0p25h,14,0.25,1640700,18.9895833333333,0.209271344678689,0.207917221206681,0.00135412347200803
Nx014_dt0p25h,14,0.25,1641600,19,0.209327995145146,0.207974239070265,0.00135375607488034
Nx014_dt0p25h,14,0.25,1642500,19.0104166666667,0.20938463028113,0.208031241303009,0.00135338897812151
Nx014_dt0p25h,14,0.25,1643400,19.0208333333333,0.209441250099068,0.208088227917738,0.00135302218132932
Nx014_dt0p25h,14,0.25,1644300,19.03125,0.209497854611366,0.208145198927264,0.00135265568410245
Nx014_dt0p25h,14,0.25,1645200,19.0416666666667,0.209554443830416,0.208202154344376,0.00135228948604041
Nx014_dt0p25h,14,0.25,1646100,19.0520833333333,0.209611017768592,0.208259094181849,0.00135192358674327
Nx014_dt0p25h,14,0.25,1647000,19.0625,0.209667576438253,0.20831601845244,0.00135155798581227
Nx014_dt0p25h,14,0.25,1647900,19.0729166666667,0.209724119851737,0.208372927168889,0.00135119268284878
Nx014_dt0p25h,14,0.25,1648800,19.0833333333333,0.209780648021371,0.208429820343915,0.00135082767745559
Nx014_dt0p25h,14,0.25,1649700,19.09375,0.209837160959461,0.208486697990225,0.00135046296923605
Nx014_dt0p25h,14,0.25,1650600,19.1041666666667,0.209893658678297,0.208543560120503,0.00135009855779381
Nx014_dt0p25h,14,0.25,1651500,19.1145833333333,0.209950141190155,0.208600406747421,0.00134973444273409
Nx014_dt0p25h,14,0.25,1652400,19.125,0.210006608507291,0.208657237883629,0.00134937062366219
Nx014_dt0p25h,14,0.25,1653300,19.1354166666667,0.210063060641946,0.208714053541762,0.00134900710018432
Nx014_dt0p25h,14,0.25,1654200,19.1458333333333,0.210119497606346,0.208770853734438,0.00134864387190797
Nx014_dt0p25h,14,0.25,1655100,19.15625,0.210175919412698,0.208827638474257,0.00134828093844067
Nx014_dt0p25h,14,0.25,1656000,19.1666666666667,0.210232326073193,0.208884407773802,0.00134791829939102
Nx014_dt0p25h,14,0.25,1656900,19.1770833333333,0.210288717600006,0.208941161645638,0.00134755595436842
Nx014_dt0p25h,14,0.25,1657800,19.1875,0.210345094005297,0.208997900102314,0.00134719390298291
Nx014_dt0p25h,14,0.25,1658700,19.1979166666667,0.210401455301207,0.209054623156362,0.00134683214484507
Nx014_dt0p25h,14,0.25,1659600,19.2083333333333,0.210457801499862,0.209111330820295,0.00134647067956692
Nx014_dt0p25h,14,0.25,1660500,19.21875,0.210514132613372,0.209168023106612,0.00134610950676053
Nx014_dt0p25h,14,0.25,1661400,19.2291666666667,0.210570448653831,0.209224700027792,0.00134574862603895
Nx014_dt0p25h,14,0.25,1662300,19.2395833333333,0.210626749633315,0.209281361596299,0.00134538803701587
Nx014_dt0p25h,14,0.25,1663200,19.25,0.210683035563885,0.209338007824579,0.00134502773930598
Nx014_dt0p25h,14,0.25,1664100,19.2604166666667,0.210739306457585,0.209394638725061,0.00134466773252453
Nx014_dt0p25h,14,0.25,1665000,19.2708333333333,0.210795562326446,0.209451254310158,0.0013443080162874
Nx014_dt0p25h,14,0.25,1665900,19.28125,0.210851803182477,0.209507854592266,0.00134394859021134
Nx014_dt0p25h,14,0.25,1666800,19.2916666666667,0.210908029037677,0.209564439583763,0.001343589453914
Nx014_dt0p25h,14,0.25,1667700,19.3020833333333,0.210964239904024,0.209621009297011,0.00134323060701319
Nx014_dt0p25h,14,0.25,1668600,19.3125,0.211020435793484,0.209677563744356,0.00134287204912814
Nx014_dt0p25h,14,0.25,1669500,19.3229166666667,0.211076616718004,0.209734102938125,0.00134251377987843
Nx014_dt0p25h,14,0.25,1670400,19.3333333333333,0.211132782689516,0.209790626890631,0.00134215579888441
Nx014_dt0p25h,14,0.25,1671300,19.34375,0.211188933719936,0.20984713561417,0.00134179810576687
Nx014_dt0p25h,14,0.25,1672200,19.3541666666667,0.211245069821166,0.209903629121018,0.00134144070014794
Nx014_dt0p25h,14,0.25,1673100,19.3645833333333,0.211301191005088,0.209960107423438,0.00134108358165005
Nx014_dt0p25h,14,0.25,1674000,19.375,0.211357297283572,0.210016570533676,0.0013407267498966
Nx014_dt0p25h,14,0.25,1674900,19.3854166666667,0.21141338866847,0.210073018463959,0.00134037020451108
Nx014_dt0p25h,14,0.25,1675800,19.3958333333333,0.211469465171619,0.210129451226501,0.00134001394511871
Nx014_dt0p25h,14,0.25,1676700,19.40625,0.211525526804841,0.210185868833496,0.0013396579713445
Nx014_dt0p25h,14,0.25,1677600,19.4166666666667,0.211581573579939,0.210242271297124,0.00133930228281465
Nx014_dt0p25h,14,0.25,1678500,19.4270833333333,0.211637605508704,0.210298658629548,0.00133894687915592
Nx014_dt0p25h,14,0.25,1679400,19.4375,0.211693622602909,0.210355030842914,0.00133859175999573
Nx014_dt0p25h,14,0.25,1680300,19.4479166666667,0.211749624874314,0.210411387949351,0.0013382369249624
Nx014_dt0p25h,14,0.25,1681200,19.4583333333333,0.211805612334659,0.210467729960975,0.00133788237368479
Nx014_dt0p25h,14,0.25,1682100,19.46875,0.211861584995673,0.210524056889881,0.00133752810579232
Nx014_dt0p25h,14,0.25,1683000,19.4791666666667,0.211917542869067,0.210580368748152,0.00133717412091555
Nx014_dt0p25h,14,0.25,1683900,19.4895833333333,0.211973485966536,0.210636665547851,0.00133682041868549
Nx014_dt0p25h,14,0.25,1684800,19.5,0.212029414299761,0.210692947301027,0.00133646699873374
Nx014_dt0p25h,14,0.25,1685700,19.5104166666667,0.212085327880406,0.210749214019714,0.00133611386069266
Nx014_dt0p25h,14,0.25,1686600,19.5208333333333,0.212141226720121,0.210805465715926,0.00133576100419522
Nx014_dt0p25h,14,0.25,1687500,19.53125,0.21219711083054,0.210861702401665,0.00133540842887528
Nx014_dt0p25h,14,0.25,1688400,19.5416666666667,0.212252980223281,0.210917924088913,0.00133505613436763
Nx014_dt0p25h,14,0.25,1689300,19.5520833333333,0.212308834909947,0.21097413078964,0.0013347041203069
Nx014_dt0p25h,14,0.25,1690200,19.5625,0.212364674902126,0.211030322515797,0.0013343523863292
Nx014_dt0p25h,14,0.25,1691100,19.5729166666667,0.21242050021139,0.211086499279319,0.00133400093207101
Nx014_dt0p25h,14,0.25,1692000,19.5833333333333,0.212476310849297,0.211142661092127,0.00133364975716946
Nx014_dt0p25h,14,0.25,1692900,19.59375,0.212532106827388,0.211198807966125,0.00133329886126243
Nx014_dt0p25h,14,0.25,1693800,19.6041666666667,0.21258788815719,0.211254939913201,0.00133294824398858
Nx014_dt0p25h,14,0.25,1694700,19.6145833333333,0.212643654850214,0.211311056945226,0.0013325979049873
Nx014_dt0p25h,14,0.25,1695600,19.625,0.212699406917956,0.211367159074058,0.00133224784389813
Nx014_dt0p25h,14,0.25,1696500,19.6354166666667,0.212755144371898,0.211423246311536,0.00133189806036188
Nx014_dt0p25h,14,0.25,1697400,19.6458333333333,0.212810867223505,0.211479318669485,0.00133154855401979
Nx014_dt0p25h,14,0.25,1698300,19.65625,0.212866575484227,0.211535376159714,0.00133119932451375
Nx014_dt0p25h,14,0.25,1699200,19.6666666666667,0.212922269165502,0.211591418794016,0.00133085037148625
Nx014_dt0p25h,14,0.25,1700100,19.6770833333333,0.212977948278749,0.211647446584168,0.00133050169458088
Nx014_dt0p25h,14,0.25,1701000,19.6875,0.213033612835374,0.211703459541933,0.0013301532934413
Nx014_dt0p25h,14,0.25,1701900,19.6979166666667,0.213089262846768,0.211759457679055,0.00132980516771228
Nx014_dt0p25h,14,0.25,1702800,19.7083333333333,0.213144898324305,0.211815441007266,0.00132945731703887
Nx014_dt0p25h,14,0.25,1703700,19.71875,0.213200519279348,0.211871409538281,0.00132910974106723
Nx014_dt0p25h,14,0.25,1704600,19.7291666666667,0.213256125723241,0.211927363283797,0.00132876243944383
Nx014_dt0p25h,14,0.25,1705500,19.7395833333333,0.213311717667316,0.2119833022555,0.00132841541181594
Nx014_dt0p25h,14,0.25,1706400,19.75,0.213367295122889,0.212039226465057,0.00132806865783139
Nx014_dt0p25h,14,0.25,1707300,19.7604166666667,0.21342285810126,0.212095135924121,0.00132772217713897
Nx014_dt0p25h,14,0.25,1708200,19.7708333333333,0.213478406613717,0.212151030644329,0.00132737596938759
Nx014_dt0p25h,14,0.25,1709100,19.78125,0.213533940671531,0.212206910637303,0.00132703003422724
Nx014_dt0p25h,14,0.25,1710000,19.7916666666667,0.213589460285958,0.212262775914649,0.00132668437130856
Nx014_dt0p25h,14,0.25,1710900,19.8020833333333,0.213644965468241,0.212318626487958,0.00132633898028248
Nx014_dt0p25h,14,0.25,1711800,19.8125,0.213700456229607,0.212374462368806,0.00132599386080098
Nx014_dt0p25h,14,0.25,1712700,19.8229166666667,0.213755932581269,0.212430283568753,0.00132564901251653
Nx014_dt0p25h,14,0.25,1713600,19.8333333333333,0.213811394534425,0.212486090099343,0.00132530443508219
Nx014_dt0p25h,14,0.25,1714500,19.84375,0.213866842100259,0.212541881972108,0.00132496012815173
Nx014_dt0p25h,14,0.25,1715400,19.8541666666667,0.21392227528994,0.21259765919856,0.0013246160913794
Nx014_dt0p25h,14,0.25,1716300,19.8645833333333,0.21397769411462,0.2126534217902,0.00132427232442037
Nx014_dt0p25h,14,0.25,1717200,19.875,0.214033098585442,0.212709169758511,0.00132392882693014
Nx014_dt0p25h,14,0.25,1718100,19.8854166666667,0.214088488713529,0.212764903114963,0.00132358559856532
Nx014_dt0p25h,14,0.25,1719000,19.8958333333333,0.214143864509992,0.212820621871009,0.00132324263898273
Nx014_dt0p25h,14,0.25,1719900,19.90625,0.214199225985928,0.212876326038088,0.0013228999478398
Nx014_dt0p25h,14,0.25,1720800,19.9166666666667,0.214254573152418,0.212932015627624,0.00132255752479482
Nx014_dt0p25h,14,0.25,1721700,19.9270833333333,0.214309906020531,0.212987690651024,0.00132221536950658
Nx014_dt0p25h,14,0.25,1722600,19.9375,0.214365224601318,0.213043351119683,0.00132187348163471
Nx014_dt0p25h,14,0.25,1723500,19.9479166666667,0.214420528905819,0.21309899704498,0.00132153186083914
Nx014_dt0p25h,14,0.25,1724400,19.9583333333333,0.214475818945058,0.213154628438277,0.00132119050678051
Nx014_dt0p25h,14,0.25,1725300,19.96875,0.214531094730044,0.213210245310924,0.00132084941912053
Nx014_dt0p25h,14,0.25,1726200,19.9791666666667,0.214586356271774,0.213265847674253,0.00132050859752103
Nx014_dt0p25h,14,0.25,1727100,19.9895833333333,0.21464160358123,0.213321435539585,0.00132016804164434
Nx014_dt0p25h,14,0.25,1728000,20,0.214696836669377,0.213377008918223,0.0013198277511538
Nx070_dt12h,70,12,0,0,0.00464285714285714,0,0.00464285714285714
Nx070_dt12h,70,12,43200,0.5,0.0304339360848467,0.033737886294441,-0.00330395020959425
Nx070_dt12h,70,12,86400,1,0.0451458288708946,0.0477125763633999,-0.00256674749250523
Nx070_dt12h,70,12,129600,1.5,0.0562855814364883,0.0584357332019535,-0.00215015176546523
Nx070_dt12h,70,12,172800,2,0.065592157371287,0.0674757725888821,-0.00188361521759503
Nx070_dt12h,70,12,216000,2.5,0.0737445275253722,0.0754402071715284,-0.00169567964615615
Nx070_dt12h,70,12,259200,3,0.0810862693391668,0.0826406064214183,-0.00155433708225156
Nx070_dt12h,70,12,302400,3.5,0.0878189014049686,0.0892620568960653,-0.00144315549109671
Nx070_dt12h,70,12,345600,4,0.0940723732414104,0.0954251527267996,-0.00135277948538912
Nx070_dt12h,70,12,388800,4.5,0.0999362029776004,0.101213658883323,-0.00127745590572259
Nx070_dt12h,70,12,432000,5,0.105475132101382,0.106688564130212,-0.00121343202883005
Nx070_dt12h,70,12,475200,5.5,0.110737766167193,0.111895910058335,-0.00115814389114147
Nx070_dt12h,70,12,518400,6,0.115761693313381,0.116871466403907,-0.00110977309052536
Nx070_dt12h,70,12,561600,6.5,0.120576689169316,0.121643678960381,-0.00106698979106501
Nx070_dt12h,70,12,604800,7,0.125206815301952,0.126235611467735,-0.0010287961657828
Nx070_dt12h,70,12,648000,7.5,0.12967184473683,0.130666271754609,-0.000994427017779659
Nx070_dt12h,70,12,691200,8,0.133988260717513,0.134951545177763,-0.000963284460250263
Nx070_dt12h,70,12,734400,8.5,0.138169975096048,0.139104868777055,-0.000934893681006271
Nx070_dt12h,70,12,777600,9,0.142228856890115,0.143137729090179,-0.000908872200063887
Nx070_dt12h,70,12,820800,9.5,0.14617512891084,0.147060036926046,-0.00088490801520677
Nx070_dt12h,70,12,864000,10,0.150017670590156,0.150880414342728,-0.000862743752572004
Nx070_dt12h,70,12,907200,10.5,0.153764252764347,0.154606417731002,-0.000842164966654957
Nx070_dt12h,70,12,950400,11,0.157421722209779,0.158244713575345,-0.000822991365565795
Nx070_dt12h,70,12,993600,11.5,0.160996148476086,0.161801218612052,-0.000805070135966618
Nx070_dt12h,70,12,1036800,12,0.164492942021139,0.165281212820895,-0.000788270799756519
Nx070_dt12h,70,12,1080000,12.5,0.167916950216354,0.168689431421065,-0.000772481204710213
Nx070_dt12h,70,12,1123200,13,0.171272536084972,0.172030140450807,-0.000757604365835163
Nx070_dt12h,70,12,1166400,13.5,0.174563643421563,0.175307199374272,-0.000743555952708891
Nx070_dt12h,70,12,1209600,14,0.177793851063632,0.17852411333636,-0.000730262272727822
Nx070_dt12h,70,12,1252800,14.5,0.180966418443585,0.181684077082444,-0.000717658638858476
Nx070_dt12h,70,12,1296000,15,0.184084324072778,0.184790012110969,-0.000705688038191182
Nx070_dt12h,70,12,1339200,15.5,0.187150298251866,0.187844598289605,-0.000694300037739376
Nx070_dt12h,70,12,1382400,16,0.190166851030589,0.190850300909323,-0.000683449878734421
Nx070_dt12h,70,12,1425600,16.5,0.193136296232566,0.193809393954274,-0.000673097721708399
Nx070_dt12h,70,12,1468800,17,0.196060772200228,0.196723980213173,-0.00066320801294531
Nx070_dt12h,70,12,1512000,17.5,0.198942259789975,0.199596008739186,-0.000653748949210775
Nx070_dt12h,70,12,1555200,18,0.20178259804935,0.202427290071863,-0.00064469202251291
Nx070_dt12h,70,12,1598400,18.5,0.204583497930233,0.205219509560641,-0.000636011630407274
Nx070_dt12h,70,12,1641600,19,0.207346554329976,0.207974239070265,-0.00062768474028968
Nx070_dt12h,70,12,1684800,19.5,0.210073256702606,0.210692947301027,-0.000619690598421652
Nx070_dt12h,70,12,1728000,20,0.212764998441969,0.213377008918223,-0.000612010476253949
Nx070_dt3h,70,3,0,0,0.00464285714285714,0,0.00464285714285714
Nx070_dt3h,70,3,10800,0.125,0.0159127899618989,0.0168689431472203,-0.000956153185321447
Nx070_dt3h,70,3,21600,0.25,0.0230014510546985,0.0238562881817001,-0.000854837127001549
Nx070_dt3h,70,3,32400,0.375,0.0284728967877881,0.0292178666009767,-0.000744969813188546
Nx070_dt3h,70,3,43200,0.5,0.0330735396531469,0.033737886294441,-0.000664346641294097
Nx070_dt3h,70,3,54000,0.625,0.0371160277953229,0.037720103585764,-0.000604075790441153
Nx070_dt3h,70,3,64800,0.75,0.0407630345553088,0.0413203032107092,-0.000557268655400379
Nx070_dt3h,70,3,75600,0.875,0.0441113302631934,0.0446310284480327,-0.000519698184839303
Nx070_dt3h,70,3,86400,1,0.04722384433037,0.0477125763633999,-0.000488732033029869
Nx070_dt3h,70,3,97200,1.125,0.0501441678292771,0.0506068294416615,-0.000462661612384369
Nx070_dt3h,70,3,108000,1.25,0.0529039505732628,0.0533442820651057,-0.000440331491842944
Nx070_dt3h,70,3,118800,1.375,0.0555270234103752,0.0559479550291673,-0.000420931618792128
Nx070_dt3h,70,3,129600,1.5,0.058031856942109,0.0584357332019535,-0.000403876259844484
Nx070_dt3h,70,3,140400,1.625,0.0604331089265683,0.0608218394801903,-0.000388730553621999
Nx070_dt3h,70,3,151200,1.75,0.062742641484299,0.0631178057338672,-0.000375164249568197
Nx070_dt3h,70,3,162000,1.875,0.0649702142975118,0.0653331358773047,-0.000362921579792952
Nx070_dt3h,70,3,172800,2,0.0671239715390522,0.0674757725888821,-0.000351801049829903
Nx070_dt3h,70,3,183600,2.125,0.0692107928636478,0.0695524343885293,-0.000341641524881503
Nx070_dt3h,70,3,194400,2.25,0.0712365521182012,0.0715688645450997,-0.000332312426898504
Nx070_dt3h,70,3,205200,2.375,0.0732063117781977,0.0735300184630672,-0.000323706684869543
Nx070_dt3h,70,3,216000,2.5,0.0751244716001737,0.0754402071715284,-0.000315735571354628
Nx070_dt3h,70,3,226800,2.625,0.0769948840081604,0.0773032088660445,-0.00030832485788404
Nx070_dt3h,70,3,237600,2.75,0.0788209448797036,0.0791223567892884,-0.000301411909584839
Nx070_dt3h,70,3,248400,2.875,0.0806056658505157,0.0809006093104102,-0.000294943459894489
Nx070_dt3h,70,3,259200,3,0.0823517325362178,0.0826406064214183,-0.000288873885200519
Nx070_dt3h,70,3,270000,3.125,0.084061551884025,0.0843447157361024,-0.000283163852077398
Nx070_dt3h,70,3,280800,3.25,0.0857372910356239,0.0860150702813647,-0.000277779245740711
Nx070_dt3h,70,3,291600,3.375,0.087380909489703,0.0876535998029302,-0.000272690313227186
Nx070_dt3h,70,3,302400,3.5,0.0889941859237726,0.0892620568960653,-0.000267870972292639
Nx070_dt3h,70,3,313200,3.625,0.090578740720496,0.0908420389699645,-0.00026329824946851
Nx070_dt3h,70,3,324000,3.75,0.0921360550103318,0.0923950068300487,-0.000258951819716885
Nx070_dt3h,70,3,334800,3.875,0.0936674868670188,0.0939223004936998,-0.000254813626681075
Nx070_dt3h,70,3,345600,4,0.0951742851594119,0.0954251527267996,-0.000250867567387625
Nx070_dt3h,70,3,356400,4.125,0.0966576014612351,0.0969047006900964,-0.000247099228861292
Nx070_dt3h,70,3,367200,4.25,0.0981185003414635,0.098361996008323,-0.000243495666859508
Nx070_dt3h,70,3,378000,4.375,0.099557968296538,0.0997980135155282,-0.000240045218990195
Nx070_dt3h,70,3,388800,4.5,0.100976921537245,0.101213658883323,-0.000236737346078236
Nx070_dt3h,70,3,399600,4.625,0.102376212804771,0.102609775301644,-0.000233562496872966
Nx070_dt3h,70,3,410400,4.75,0.103756637359872,0.103987149352014,-0.000230511992141774
Nx070_dt3h,70,3,421200,4.875,0.105118938264533,0.105346516189488,-0.000227577924955535
Nx070_dt3h,70,3,432000,5,0.106463811055652,0.106688564130212,-0.000224753074560186
Nx070_dt3h,70,3,442800,5.125,0.107791907894148,0.108013938725844,-0.000222030831696016
Nx070_dt3h,70,3,453600,5.25,0.109103841259704,0.10932324639332,-0.000219405133616082
Nx070_dt3h,70,3,464400,5.375,0.110400187250499,0.110617057657844,-0.000216870407345082
Nx070_dt3h,70,3,475200,5.5,0.111681488538362,0.111895910058335,-0.000214421519973002
Nx070_dt3h,70,3,486000,5.625,0.112948257022314,0.113160310757293,-0.000212053734978457
Nx070_dt3h,70,3,496800,5.75,0.114200976217297,0.114410738891029,-0.000209762673731739
Nx070_dt3h,70,3,507600,5.875,0.115440103409673,0.115647647691146,-0.000207544281472377
Nx070_dt3h,70,3,518400,6,0.116666071606753,0.116871466403907,-0.00020539479715409
Nx070_dt3h,70,3,529200,6.125,0.11787929130389,0.118082602030543,-0.000203310726653055
Nx070_dt3h,70,3,540000,6.25,0.119080152089598,0.119281440908499,-0.000201288818901219
Nx070_dt3h,70,3,550800,6.375,0.120269024106455,0.120468350151034,-0.000199326044578202
Nx070_dt3h,70,3,561600,6.5,0.12144625938334,0.121643678960381,-0.000197419577040239
Nx070_dt3h,70,3,572400,6.625,0.122612193052573,0.122807759827791,-0.000195566775217898
Nx070_dt3h,70,3,583200,6.75,0.123767144463885,0.123960909632128,-0.000193765168242294
Nx070_dt3h,70,3,594000,6.875,0.124911418205718,0.125103430647319,-0.000192012441601802
Nx070_dt3h,70,3,604800,7,0.126045305043086,0.126235611467735,-0.000190306424648484
Nx070_dt3h,70,3,615600,7.125,0.127169082780205,0.12735772785951,-0.000188645079304439
Nx070_dt3h,70,3,626400,7.25,0.128283017055117,0.128470043544949,-0.000187026489831849
Nx070_dt3h,70,3,637200,7.375,0.129387362072757,0.12957281092631,-0.000185448853552539
Nx070_dt3h,70,3,648000,7.5,0.130482361282197,0.130666271754609,-0.000183910472412313
Nx070_dt3h,70,3,658800,7.625,0.131568248003163,0.131750657748466,-0.000182409745303036
Nx070_dt3h,70,3,669600,7.75,0.13264524600641,0.132826191167472,-0.000180945161061485
Nx070_dt3h,70,3,680400,7.875,0.133713570052021,0.133893085344098,-0.000179515292076632
Nx070_dt3h,70,3,691200,8,0.13477342638932,0.134951545177763,-0.000178118788443454
Nx070_dt3h,70,3,702000,8.125,0.135825013221676,0.136001767594285,-0.000176754372609472
Nx070_dt3h,70,3,712800,8.25,0.136868521139175,0.137043941973638,-0.000175420834463619
Nx070_dt3h,70,3,723600,8.375,0.137904133521828,0.138078250548657,-0.000174117026829401
Nx070_dt3h,70,3,734400,8.5,0.138932026915738,0.139104868777055,-0.000172841861317163
Nx070_dt3h,70,3,745200,8.625,0.139952371384396,0.140123965688904,-0.000171594304508332
Nx070_dt3h,70,3,756000,8.75,0.140965330837106,0.141135704211544,-0.000170373374437843
Nx070_dt3h,70,3,766800,8.875,0.141971063336317,0.142140241473663,-0.000169178137345488
Nx070_dt3h,70,3,777600,9,0.142969721385501,0.143137729090179,-0.000168007704678064
Nx070_dt3h,70,3,788400,9.125,0.143961452199057,0.144128313429371,-0.000166861230313092
Nx070_dt3h,70,3,799200,9.25,0.144946397955607,0.145112135863597,-0.000165737907989988
Nx070_dt3h,70,3,810000,9.375,0.145924696035893,0.146089333004822,-0.000164636968928739
Nx070_dt3h,70,3,820800,9.5,0.146896479246427,0.147060036926046,-0.000163557679619619
Nx070_dt3h,70,3,831600,9.625,0.147861876029908,0.148024375369678,-0.000162499339769889
Nx070_dt3h,70,3,842400,9.75,0.148821010663361,0.148982471943758,-0.000161461280397235
Nx070_dt3h,70,3,853200,9.875,0.149774003444848,0.1499344463069,-0.000160442862051691
Nx070_dt3h,70,3,864000,10,0.150720970869566,0.150880414342728,-0.000159443473162768
Nx070_dt3h,70,3,874800,10.125,0.15166202579604,0.151820488324536,-0.000158462528496411
Nx070_dt3h,70,3,885600,10.25,0.152597277603103,0.152754777070819,-0.000157499467716371
Nx070_dt3h,70,3,896400,10.375,0.153526832338259,0.153683386092299,-0.000156553754040278
Nx070_dt3h,70,3,907200,10.5,0.154450792858019,0.154606417731002,-0.000155624872982818
Nx070_dt3h,70,3,918000,10.625,0.155369258960723,0.155523971291905,-0.000154712331181889
Nx070_dt3h,70,3,928800,10.75,0.156282327512335,0.156436143167632,-0.00015381565529729
Nx070_dt3h,70,3,939600,10.875,0.157190092565666,0.157343026956647,-0.000152934390980991
Nx070_dt3h,70,3,950400,11,0.158092645473434,0.158244713575345,-0.000152068101910763
Nx070_dt3h,70,3,961200,11.125,0.158990074995549,0.159141291364432,-0.000151216368883073
Nx070_dt3h,70,3,972000,11.25,0.159882467400973,0.160032846189937,-0.000150378788963373
Nx070_dt3h,70,3,982800,11.375,0.160769906564503,0.160919461539187,-0.000149554974684496
Nx070_dt3h,70,3,993600,11.5,0.161652474058756,0.161801218612052,-0.000148744553296193
Nx070_dt3h,70,3,1004400,11.625,0.162530249241676,0.162678196407733,-0.000147947166057122
Nx070_dt3h,70,3,1015200,11.75,0.163403309339793,0.163550471807362,-0.000147162467569212
Nx070_dt3h,70,3,1026000,11.875,0.164271729527515,0.164418119652665,-0.000146390125150331
Nx070_dt3h,70,3,1036800,12,0.165135583002652,0.165281212820895,-0.000145629818243065
Nx070_dt3h,70,3,1047600,12.125,0.165994941058418,0.166139822296275,-0.000144881237857025
Nx070_dt3h,70,3,1058400,12.25,0.166849873152079,0.166994017238121,-0.000144144086042269
Nx070_dt3h,70,3,1069200,12.375,0.167700446970462,0.167843865045855,-0.000143418075393337
Nx070_dt3h,70,3,1080000,12.5,0.168546728492485,0.168689431421065,-0.000142702928579402
Nx070_dt3h,70,3,1090800,12.625,0.169388782048874,0.169530780426774,-0.000141998377900132
Nx070_dt3h,70,3,1101600,12.75,0.170226670379218,0.170367974544084,-0.000141304164866379
Nx070_dt3h,70,3,1112400,12.875,0.171060454686516,0.171201074726319,-0.000140620039803807
Nx070_dt3h,70,3,1123200,13,0.171890194689332,0.172030140450807,-0.000139945761475191
Nx070_dt3h,70,3,1134000,13.125,0.172715948671704,0.172855229768431,-0.000139281096726729
Nx070_dt3h,70,3,1144800,13.25,0.173537773530906,0.173676399351055,-0.000138625820148175
Nx070_dt3h,70,3,1155600,13.375,0.174355724823188,0.174493704536943,-0.000137979713754233
Nx070_dt3h,70,3,1166400,13.5,0.175169856807592,0.175307199374272,-0.000137342566680521
Nx070_dt3h,70,3,1177200,13.625,0.17598022248794,0.176116936662836,-0.00013671417489608
Nx070_dt3h,70,3,1188000,13.75,0.176786873653094,0.176922967994023,-0.000136094340928483
Nx070_dt3h,70,3,1198800,13.875,0.177589860915565,0.17772534378917,-0.000135482873605375
Nx070_dt3h,70,3,1209600,14,0.178389233748554,0.17852411333636,-0.000134879587806475
Nx070_dt3h,70,3,1220400,14.125,0.179185040521512,0.179319324825741,-0.000134284304229404
Nx070_dt3h,70,3,1231200,14.25,0.179977328534278,0.180111025383444,-0.000133696849165921
Nx070_dt3h,70,3,1242000,14.375,0.18076614404987,0.180899261104158,-0.000133117054288617
Nx070_dt3h,70,3,1252800,14.5,0.181551532325994,0.181684077082444,-0.000132544756449776
Nx070_dt3h,70,3,1263600,14.625,0.182333537645328,0.182465517442816,-0.000131979797487469
Nx070_dt3h,70,3,1274400,14.75,0.183112203344642,0.183243625368684,-0.000131422024041872
Nx070_dt3h,70,3,1285200,14.875,0.183887571842806,0.184018443130187,-0.000130871287380541
Nx070_dt3h,70,3,1296000,15,0.184659684667739,0.184790012110969,-0.00013032744323041
Nx070_dt3h,70,3,1306800,15.125,0.185428582482343,0.185558372833961,-0.000129790351618808
Nx070_dt3h,70,3,1317600,15.25,0.186194305109477,0.186323564986198,-0.000129259876720772
Nx070_dt3h,70,3,1328400,15.375,0.186956891556006,0.18708562744272,-0.000128735886713915
Nx070_dt3h,70,3,1339200,15.5,0.187716380035966,0.187844598289605,-0.000128218253638734
Nx070_dt3h,70,3,1350000,15.625,0.188472807992895,0.188600514846161,-0.00012770685326613
Nx070_dt3h,70,3,1360800,15.75,0.189226212121349,0.189353413686319,-0.000127201564970425
Nx070_dt3h,70,3,1371600,15.875,0.189976628387654,0.190103330659262,-0.000126702271607243
Nx070_dt3h,70,3,1382400,16,0.190724092049926,0.190850300909323,-0.00012620885939707
Nx070_dt3h,70,3,1393200,16.125,0.191468637677374,0.191594358895187,-0.000125721217813457
Nx070_dt3h,70,3,1404000,16.25,0.192210299168937,0.192335538408414,-0.000125239239476715
Nx070_dt3h,70,3,1414800,16.375,0.192949109771274,0.193073872591325,-0.00012476282005075
Nx070_dt3h,70,3,1425600,16.5,0.193685102096129,0.193809393954274,-0.000124291858144887
Nx070_dt3h,70,3,1436400,16.625,0.194418308137111,0.194542134392331,-0.000123826255219922
Nx070_dt3h,70,3,1447200,16.75,0.195148759285894,0.195272125201391,-0.000123365915496887
Nx070_dt3h,70,3,1458000,16.875,0.195876486347884,0.195999397093754,-0.000122910745870008
Nx070_dt3h,70,3,1468800,17,0.19660151955735,0.196723980213173,-0.000122460655823997
Nx070_dt3h,70,3,1479600,17.125,0.19732388859206,0.197445904149413,-0.000122015557352501
Nx070_dt3h,70,3,1490400,17.25,0.198043622587438,0.198165197952319,-0.000121575364881499
Nx070_dt3h,70,3,1501200,17.375,0.198760750150244,0.198881890145438,-0.000121139995194253
Nx070_dt3h,70,3,1512000,17.5,0.199475299371825,0.199596008739186,-0.000120709367360278
Nx070_dt3h,70,3,1522800,17.625,0.200187297840932,0.200307581243597,-0.000120283402665955
Nx070_dt3h,70,3,1533600,17.75,0.20089677265612,0.201016634680668,-0.00011986202454789
Nx070_dt3h,70,3,1544400,17.875,0.201603750437768,0.201723195596297,-0.000119445158529102
Nx070_dt3h,70,3,1555200,18,0.202308257339706,0.202427290071863,-0.000119032732157215
Nx070_dt3h,70,3,1566000,18.125,0.203010319060482,0.203128943735425,-0.00011862467494364
Nx070_dt3h,70,3,1576800,18.25,0.20370996085428,0.203828181772588,-0.000118220918308043
Nx070_dt3h,70,3,1587600,18.375,0.204407207541496,0.204525028937016,-0.000117821395520024
Nx070_dt3h,70,3,1598400,18.5,0.205102083518993,0.205219509560641,-0.000117426041647856
Nx070_dt3h,70,3,1609200,18.625,0.205794612770036,0.205911647563541,-0.000117034793504472
Nx070_dt3h,70,3,1620000,18.75,0.206484818873935,0.206601466463534,-0.000116647589598173
Nx070_dt3h,70,3,1630800,18.875,0.207172725015388,0.207288989385472,-0.000116264370083913
Nx070_dt3h,70,3,1641600,19,0.20785835399355,0.207974239070265,-0.000115885076715755
Nx070_dt3h,70,3,1652400,19.125,0.208541728230827,0.208657237883629,-0.000115509652801188
Nx070_dt3h,70,3,1663200,19.25,0.209222869781421,0.209338007824579,-0.000115138043157548
Nx070_dt3h,70,3,1674000,19.375,0.209901800339607,0.210016570533676,-0.000114770194068359
Nx070_dt3h,70,3,1684800,19.5,0.210578541247785,0.210692947301027,-0.000114406053242394
Nx070_dt3h,70,3,1695600,19.625,0.211253113504285,0.211367159074058,-0.000114045569773069
Nx070_dt3h,70,3,1706400,19.75,0.211925537770958,0.212039226465057,-0.000113688694099195
Nx070_dt3h,70,3,1717200,19.875,0.212595834380544,0.212709169758511,-0.000113335377967538
Nx070_dt3h,70,3,1728000,20,0.213264023343828,0.213377008918223,-0.000112985574395125
Nx070_dt0p25h,70,0.25,0,0,0.00464285714285714,0,0.00464285714285714
Nx070_dt0p25h,70,0.25,900,0.0104166666666667,0.00655832668899107,0.00486964443349615,0.00168868225549493
Nx070_dt0p25h,70,0.25,1800,0.0208333333333333,0.00811269610089156,0.00688671720178548,0.00122597889910608
Nx070_dt0p25h,70,0.25,2700,0.03125,0.00943918197290042,0.00843447157360994,0.00100471039929047
Nx070_dt0p25h,70,0.25,3600,0.0416666666666667,0.0106101029891146,0.00973928886699215,0.000870814122122471
Nx070_dt0p25h,70,0.25,4500,0.0520833333333333,0.0116679218429984,0.0108888559795509,0.000779065863447509
Nx070_dt0p25h,70,0.25,5400,0.0625,0.0126393767938875,0.0119281440908502,0.000711232703037344
Nx070_dt0p25h,70,0.25,6300,0.0729166666666667,0.0135423381375175,0.0128838681443408,0.000658469993176671
Nx070_dt0p25h,70,0.25,7200,0.0833333333333333,0.0143893537786717,0.01377343440357,0.000615919375101727
Nx070_dt0p25h,70,0.25,8100,0.09375,0.0151895978593446,0.0146089333004883,0.000580664558856345
Nx070_dt0p25h,70,0.25,9000,0.104166666666667,0.0159500034216971,0.0153991678050081,0.000550835616688984
Nx070_dt0p25h,70,0.25,9900,0.114583333333333,0.0166759545483365,0.0161507834483493,0.000525171099987214
Nx070_dt0p25h,70,0.25,10800,0.125,0.0173717282456477,0.0168689431472203,0.000502785098427386
Nx070_dt0p25h,70,0.25,11700,0.135416666666667,0.0180407874678984,0.0175577526982482,0.000483034769650243
Nx070_dt0p25h,70,0.25,12600,0.145833333333333,0.018685981903688,0.018220541065553,0.000465440838134969
Nx070_dt0p25h,70,0.25,13500,0.15625,0.0193096895156508,0.0188600517928823,0.000449637722768511
Nx070_dt0p25h,70,0.25,14400,0.166666666666667,0.0199139188035131,0.0194785777339844,0.000435341069528618
Nx070_dt0p25h,70,0.25,15300,0.177083333333333,0.0205003842970238,0.0200780583585059,0.000422325938517945
Nx070_dt0p25h,70,0.25,16200,0.1875,0.0210705633514741,0.0206601516053546,0.000410411746119575
Nx070_dt0p25h,70,0.25,17100,0.197916666666667,0.0216257395985061,0.0212262879765851,0.000399451621920979
Nx070_dt0p25h,70,0.25,18000,0.208333333333333,0.0221670366874113,0.0217777119591018,0.000389324728309479
Nx070_dt0p25h,70,0.25,18900,0.21875,0.0226954448391696,0.0223155142240162,0.000379930615153363
Nx070_dt0p25h,70,0.25,19800,0.229166666666667,0.023211841997277,0.0228406569956066,0.000371185001670361
Nx070_dt0p25h,70,0.25,20700,0.239583333333333,0.0237170108593637,0.0233539942814851,0.000363016577878652
Nx070_dt0p25h,70,0.25,21600,0.25,0.0242116527283726,0.0238562881817001,0.000355364546672524
Nx070_dt0p25h,70,0.25,22500,0.260416666666667,0.0246963988795526,0.0243482221674805,0.000348176712072053
Nx070_dt0p25h,70,0.25,23400,0.270833333333333,0.0251718199664568,0.0248304119906552,0.000341407975801591
Nx070_dt0p25h,70,0.25,24300,0.28125,0.0256384338638284,0.0253034147208308,0.000335019142997543
Nx070_dt0p25h,70,0.25,25200,0.291666666666667,0.0260967122533199,0.0257677362886813,0.000328975964638566
Nx070_dt0p25h,70,0.25,26100,0.302083333333333,0.0265470861897045,0.0262238378265218,0.000323248363182704
Nx070_dt0p25h,70,0.25,27000,0.3125,0.0269899508339425,0.0266721410325531,0.000317809801389457
Nx070_dt0p25h,70,0.25,27900,0.322916666666667,0.0274256695005232,0.0271130327364733,0.00031263676404996
Nx070_dt0p25h,70,0.25,28800,0.333333333333333,0.0278545771366555,0.0275468688071392,0.000307708329516331
Nx070_dt0p25h,70,0.25,29700,0.34375,0.0282769833277871,0.0279739775145833,0.000303005813203805
Nx070_dt0p25h,70,0.25,30600,0.354166666666667,0.0286931749059196,0.0283946624367171,0.000298512469202525
Nx070_dt0p25h,70,0.25,31500,0.364583333333333,0.0291034182230192,0.02880920498389,0.000294213239129239
Nx070_dt0p25h,70,0.25,32400,0.375,0.0295079611406016,0.0292178666009767,0.000290094539624974
Nx070_dt0p25h,70,0.25,33300,0.385416666666667,0.0299070347776131,0.0296208906959455,0.000286144081667532
Nx070_dt0p25h,70,0.25,34200,0.395833333333333,0.0303008550515402,0.0300185043353234,0.000282350716216809
Nx070_dt0p25h,70,0.25,35100,0.40625,0.0306896240418688,0.0304109197400953,0.000278704301773545
Nx070_dt0p25h,70,0.25,36000,0.416666666666667,0.0310735312002876,0.0307983356100163,0.000275195590271234
Nx070_dt0p25h,70,0.25,36900,0.427083333333333,0.0314527544281717,0.031180938299799,0.000271816128372699
Nx070_dt0p25h,70,0.25,37800,0.4375,0.0318274610387071,0.0315589028669335,0.000268558171773549
Nx070_dt0p25h,70,0.25,38700,0.447916666666667,0.0321978086183964,0.0319323940078602,0.000265414610536183
Nx070_dt0p25h,70,0.25,39600,0.458333333333333,0.0325639458005111,0.0323015668966989,0.000262378903812276
Nx070_dt0p25h,70,0.25,40500,0.46875,0.032926012961244,0.0326665679386522,0.000259445022591794
Nx070_dt0p25h,70,0.25,41400,0.479166666666667,0.033284142847795,0.0330275354484598,0.000256607399335217
Nx070_dt0p25h,70,0.25,42300,0.489583333333333,0.0336384611463518,0.0333846002628152,0.000253860883536565
Nx070_dt0p25h,70,0.25,43200,0.5,0.0339890869968457,0.033737886294441,0.000251200702404676
Nx070_dt0p25h,70,0.25,44100,0.510416666666667,0.0343361334604535,0.0340875110344729,0.000248622425980533
Nx070_dt0p25h,70,0.25,45000,0.520833333333333,0.0346797079450408,0.0344335860089244,0.000246121936116422
Nx070_dt0p25h,70,0.25,45900,0.53125,0.035019912593079,0.0347762171942646,0.000243695398814407
Nx070_dt0p25h,70,0.25,46800,0.541666666666667,0.0353568446360035,0.0351155053964961,0.000241339239507338
Nx070_dt0p25h,70,0.25,47700,0.552083333333333,0.0356905967184936,0.0354515465975751,0.000239050120918516
Nx070_dt0p25h,70,0.25,48600,0.5625,0.0360212571957369,0.0357844322725498,0.0002368249231871
Nx070_dt0p25h,70,0.25,49500,0.572916666666667,0.0363489104063774,0.0361142496803878,0.000234660725989551
Nx070_dt0p25h,70,0.25,50400,0.583333333333333,0.0366736369235356,0.0364410821311066,0.000232554792428931
Nx070_dt0p25h,70,0.25,51300,0.59375,0.0369955137860152,0.0367650092315337,0.000230504554481523
Nx070_dt0p25h,70,0.25,52200,0.604166666666667,0.0373146147115749,0.0370861071117398,0.000228507599835143
Nx070_dt0p25h,70,0.25,53100,0.614583333333333,0.037631010293936,0.0374044486339806,0.000226561659955417
Nx070_dt0p25h,70,0.25,54000,0.625,0.0379447681850169,0.037720103585764,0.000224664599252911
Nx070_dt0p25h,70,0.25,54900,0.635416666666667,0.0382559532637263,0.0380331388584937,0.000222814405232565
Nx070_dt0p25h,70,0.25,55800,0.645833333333333,0.0385646277925057,0.0383436186129861,0.000221009179519567
Nx070_dt0p25h,70,0.25,56700,0.65625,0.0388708515626928,0.0386516044330223,0.000219247129670495
Nx070_dt0p25h,70,0.25,57600,0.666666666666667,0.039174682029664,0.0389571554679689,0.000217526561695033
Nx070_dt0p25h,70,0.25,58500,0.677083333333333,0.0394761744386222,0.0392603285654132,0.000215845873209004
Nx070_dt0p25h,70,0.25,59400,0.6875,0.0397753819418083,0.039561178394644,0.000214203547164379
Nx070_dt0p25h,70,0.25,60300,0.697916666666667,0.0400723557078416,0.0398597575617507,0.000212598146090953
Nx070_dt0p25h,70,0.25,61200,0.708333333333333,0.0403671450238236,0.0401561167170113,0.000211028306812334
Nx070_dt0p25h,70,0.25,62100,0.71875,0.0406597973907841,0.040450304655205,0.000209492735579152
Nx070_dt0p25h,70,0.25,63000,0.729166666666667,0.0409503586129913,0.0407423684094038,0.000207990203587458
Nx070_dt0p25h,70,0.25,63900,0.739583333333333,0.0412388728816014,0.0410323533387527,0.000206519542848685
Nx070_dt0p25h,70,0.25,64800,0.75,0.0415253828530807,0.0413203032107092,0.000205079642371479
Nx070_dt0p25h,70,0.25,65700,0.760416666666667,0.0418099297227927,0.0416062602781554,0.000203669444637282
Nx070_dt0p25h,70,0.25,66600,0.770833333333333,0.042092553294111,0.0418902653517772,0.000202287942333818
Nx070_dt0p25h,70,0.25,67500,0.78125,0.0423732920433852,0.0421723578680511,0.000200934175334101
Nx070_dt0p25h,70,0.25,68400,0.791666666666667,0.0426521831810596,0.04245257595317,0.000199607227889594
Nx070_dt0p25h,70,0.25,69300,0.802083333333333,0.0429292627092209,0.0427309564831908,0.000198306226030093
Nx070_dt0p25h,70,0.25,70200,0.8125,0.0432045654758248,0.0430075351406825,0.000197030335142338
Nx070_dt0p25h,70,0.25,71100,0.822916666666667,0.0434781252258346,0.0432823464681121,0.000195778757722503
Nx070_dt0p25h,70,0.25,72000,0.833333333333333,0.0437499746494819,0.043555423918203,0.000194550731278935
Nx070_dt0p25h,70,0.25,72900,0.84375,0.0440201454278475,0.0438267999014652,0.000193345526382366
Nx070_dt0p25h,70,0.25,73800,0.854166666666667,0.0442886682759396,0.0440965058310943,0.000192162444845316
Nx070_dt0p25h,70,0.25,74700,0.864583333333333,0.044555572983437,0.0443645721654162,0.000191000818020759
Nx070_dt0p25h,70,0.25,75600,0.875,0.044820888453249,0.0446310284480327,0.000189860005216327
Nx070_dt0p25h,70,0.25,76500,0.885416666666667,0.0450846427380347,0.0448959033458263,0.000188739392208363
Nx070_dt0p25h,70,0.25,77400,0.895833333333333,0.0453468630748099,0.0451592246849574,0.000187638389852467
Nx070_dt0p25h,70,0.25,78300,0.90625,0.0456075759177653,0.0454210194849823,0.000186556432782939
Nx070_dt0p25h,70,0.25,79200,0.916666666666667,0.0458668069694051,0.0456813139912134,0.000185492978191655
Nx070_dt0p25h,70,0.25,80100,0.927083333333333,0.0461245812101122,0.045940133705427,0.000184447504685228
Nx070_dt0p25h,70,0.25,81000,0.9375,0.0463809229262342,0.0461975034150242,0.000183419511210037
Nx070_dt0p25h,70,0.25,81900,0.947916666666667,0.046635855736781,0.0464534472207375,0.000182408516043439
Nx070_dt0p25h,70,0.25,82800,0.958333333333333,0.0468894026188156,0.0467079885629699,0.000181414055845729
Nx070_dt0p25h,70,0.25,83700,0.96875,0.0471415859316177,0.04696115024685,0.0001804356847677
Nx070_dt0p25h,70,0.25,84600,0.979166666666667,0.0473924274396885,0.0472129544660776,0.000179472973610886
Nx070_dt0p25h,70,0.25,85500,0.989583333333333,0.0476419483346674,0.0474634228256305,0.000178525509036881
Nx070_dt0p25h,70,0.25,86400,1,0.0478901692562203,0.0477125763633999,0.000177592892820454
Nx070_dt0p25h,70,0.25,87300,1.01041666666667,0.0481371103119593,0.0479604355708115,0.000176674741147777
Nx070_dt0p25h,70,0.25,88200,1.02083333333333,0.0483827910964468,0.0482070204124943,0.000175770683952553
Nx070_dt0p25h,70,0.25,89100,1.03125,0.048627230709337,0.0484523503450484,0.000174880364288629
Nx070_dt0p25h,70,0.25,90000,1.04166666666667,0.0488704477726998,0.0486964443349614,0.000174003437738414
Nx070_dt0p25h,70,0.25,90900,1.05208333333333,0.0491124604475731,0.0489393208757198,0.00017313957185329
Nx070_dt0p25h,70,0.25,91800,1.0625,0.0493532864497851,0.0491809980041616,0.000172288445623475
Nx070_dt0p25h,70,0.25,92700,1.07291666666667,0.049592943065085,0.0494214933161072,0.000171449748977884
Nx070_dt0p25h,70,0.25,93600,1.08333333333333,0.049831447163619,0.0496608239813106,0.000170623182308455
Nx070_dt0p25h,70,0.25,94500,1.09375,0.0500688152137856,0.0498990067577639,0.000169808456021665
Nx070_dt0p25h,70,0.25,95400,1.10416666666667,0.0503050632955029,0.0501360580053923,0.000169005290110581
Nx070_dt0p25h,70,0.25,96300,1.11458333333333,0.050540207112918,0.0503719936991652,0.000168213413752852
Nx070_dt0p25h,70,0.25,97200,1.125,0.0507742620065866,0.0506068294416615,0.000167432564925157
Nx070_dt0p25h,70,0.25,98100,1.13541666666667,0.0510072429651494,0.0508405804751097,0.00016666249003968
Nx070_dt0p25h,70,0.25,99000,1.14583333333333,0.0512391646365313,0.0510732616929325,0.000165902943598778
Nx070_dt0p25h,70,0.25,99900,1.15625,0.0514700413386864,0.051304887650822,0.000165153687864385
Nx070_dt0p25h,70,0.25,100800,1.16666666666667,0.0516998870699109,0.0515354725773629,0.000164414492548025
Nx070_dt0p25h,70,0.25,101700,1.17708333333333,0.0519287155187459,0.0517650303842356,0.000163685134510275
Nx070_dt0p25h,70,0.25,102600,1.1875,0.0521565400734884,0.0519935746760069,0.000162965397481521
Nx070_dt0p25h,70,0.25,103500,1.19791666666667,0.052383373831331,0.0522211187595418,0.000162255071789158
Nx070_dt0p25h,70,0.25,104400,1.20833333333333,0.052609229607146,0.0524476756530435,0.000161553954102583
Nx070_dt0p25h,70,0.25,105300,1.21875,0.052834119941933,0.0526732580947443,0.000160861847188686
Nx070_dt0p25h,70,0.25,106200,1.22916666666667,0.0530580571109425,0.0528978785512635,0.000160178559678967
Nx070_dt0p25h,70,0.25,107100,1.23958333333333,0.0532810531314941,0.0531215492256475,0.000159503905846563
Nx070_dt0p25h,70,0.25,108000,1.25,0.0535031197705,0.0533442820651057,0.00015883770539421
Nx070_dt0p25h,70,0.25,108900,1.26041666666667,0.0537242685517096,0.0535660887684572,0.000158179783252464
Nx070_dt0p25h,70,0.25,109800,1.27083333333333,0.0539445107626867,0.053786980793301,0.000157529969385672
Nx070_dt0p25h,70,0.25,110700,1.28125,0.0541638574615308,0.0540069693629222,0.000156888098608587
Nx070_dt0p25h,70,0.25,111600,1.29166666666667,0.0543823194833552,0.0542260654729466,0.000156254010408627
Nx070_dt0p25h,70,0.25,112500,1.30208333333333,0.0545999074465315,0.054444279897754,0.000155627548777515
Nx070_dt0p25h,70,0.25,113400,1.3125,0.0548166317587111,0.05466162319666,0.000155008562051077
Nx070_dt0p25h,70,0.25,114300,1.32291666666667,0.0550325026226335,0.0548781057198799,0.000154396902753547
Nx070_dt0p25h,70,0.25,115200,1.33333333333333,0.0552475300417298,0.055093737614279,0.000153792427450783
Nx070_dt0p25h,70,0.25,116100,1.34375,0.0554617238255315,0.0553085288289218,0.000153194996609748
Nx070_dt0p25h,70,0.25,117000,1.35416666666667,0.0556750935948916,0.055522489120431,0.000152604474460652
Nx070_dt0p25h,70,0.25,117900,1.36458333333333,0.0558876487870262,0.0557356280581555,0.000152020728870716
Nx070_dt0p25h,70,0.25,118800,1.375,0.0560993986603845,0.0559479550291673,0.000151443631217142
Nx070_dt0p25h,70,0.25,119700,1.38541666666667,0.0563103522993539,0.0561594792430843,0.000150873056269582
Nx070_dt0p25h,70,0.25,120600,1.39583333333333,0.0565205186188072,0.0563702097367311,0.000150308882076004
Nx070_dt0p25h,70,0.25,121500,1.40625,0.0567299063684978,0.0565801553786464,0.000149750989851392
Nx070_dt0p25h,70,0.25,122400,1.41666666666667,0.05693852413731,0.0567893248734342,0.000149199263875771
Nx070_dt0p25h,70,0.25,123300,1.42708333333333,0.0571463803573694,0.0569977267659786,0.000148653591390754
Nx070_dt0p25h,70,0.25,124200,1.4375,0.0573534833080188,0.0572053694455145,0.000148113862504351
Nx070_dt0p25h,70,0.25,125100,1.44791666666667,0.0575598411196667,0.0574122611495705,0.000147579970096116
Nx070_dt0p25h,70,0.25,126000,1.45833333333333,0.0577654617775101,0.0576184099677801,0.000147051809730014
Nx070_dt0p25h,70,0.25,126900,1.46875,0.0579703531251407,0.0578238238455729,0.000146529279567868
Nx070_dt0p25h,70,0.25,127800,1.47916666666667,0.0581745228680349,0.0580285105877493,0.000146012280285664
Nx070_dt0p25h,70,0.25,128700,1.48958333333333,0.058377978576935,0.0582324778619389,0.000145500714996055
Nx070_dt0p25h,70,0.25,129600,1.5,0.0585807276911244,0.0584357332019535,0.000144994489170887
Nx070_dt0p25h,70,0.25,130500,1.51041666666667,0.0587827775216015,0.058638284011033,0.000144493510568465
Nx070_dt0p25h,70,0.25,131400,1.52083333333333,0.0589841352541551,0.0588401375649926,0.000143997689162519
Nx070_dt0p25h,70,0.25,132300,1.53125,0.0591848079523462,0.0590413010152717,0.000143506937074475
Nx070_dt0p25h,70,0.25,133200,1.54166666666667,0.0593848025603988,0.0592417813918912,0.000143021168507618
Nx070_dt0p25h,70,0.25,134100,1.55208333333333,0.059584125906004,0.0594415856063184,0.000142540299685655
Nx070_dt0p25h,70,0.25,135000,1.5625,0.0597827847030388,0.0596407204542497,0.000142064248789153
Nx070_dt0p25h,70,0.25,135900,1.57291666666667,0.059980785554205,0.0598391926183054,0.000141592935899645
Nx070_dt0p25h,70,0.25,136800,1.58333333333333,0.0601781349535895,0.0600370086706467,0.000141126282942723
Nx070_dt0p25h,70,0.25,137700,1.59375,0.0603748392891491,0.0602341750755167,0.000140664213632367
Nx070_dt0p25h,70,0.25,138600,1.60416666666667,0.0605709048451231,0.0604306981917029,0.000140206653420225
Nx070_dt0p25h,70,0.25,139500,1.61458333333333,0.0607663378043757,0.0606265842749316,0.000139753529444037
Nx070_dt0p25h,70,0.25,140400,1.625,0.0609611442506704,0.0608218394801903,0.000139304770480055
Nx070_dt0p25h,70,0.25,141300,1.63541666666667,0.06115533017088,0.0610164698639861,0.000138860306893904
Nx070_dt0p25h,70,0.25,142200,1.64583333333333,0.061348901457133,0.0612104813865355,0.000138420070597466
Nx070_dt0p25h,70,0.25,143100,1.65625,0.0615418639088995,0.0614038799138953,0.000137983995004178
Nx070_dt0p25h,70,0.25,144000,1.66666666666667,0.0617342232350182,0.0615966712200323,0.000137552014985894
Nx070_dt0p25h,70,0.25,144900,1.67708333333333,0.0619259850556674,0.0617888609888339,0.000137124066833541
Nx070_dt0p25h,70,0.25,145800,1.6875,0.0621171549042804,0.0619804548160638,0.000136700088216625
Nx070_dt0p25h,70,0.25,146700,1.69791666666667,0.0623077382294083,0.0621714582112629,0.000136280018145335
Nx070_dt0p25h,70,0.25,147600,1.70833333333333,0.062497740396532,0.0623618765995981,0.000135863796933901
Nx070_dt0p25h,70,0.25,148500,1.71875,0.0626871666898247,0.0625517153236596,0.000135451366165024
Nx070_dt0p25h,70,0.25,149400,1.72916666666667,0.0628760223138659,0.0627409796452115,0.000135042668654398
Nx070_dt0p25h,70,0.25,150300,1.73958333333333,0.0630643123953103,0.0629296747468912,0.000134637648419061
Nx070_dt0p25h,70,0.25,151200,1.75,0.0632520419845112,0.0631178057338672,0.000134236250643988
Nx070_dt0p25h,70,0.25,152100,1.76041666666667,0.063439216057101,0.0633053776354497,0.000133838421651211
Nx070_dt0p25h,70,0.25,153000,1.77083333333333,0.0636258395155297,0.0634923954066592,0.000133444108870465
Nx070_dt0p25h,70,0.25,153900,1.78125,0.0638119171905631,0.0636788639297549,0.000133053260808175
Nx070_dt0p25h,70,0.25,154800,1.79166666666667,0.0639974538427417,0.0638647880157204,0.000132665827021247
Nx070_dt0p25h,70,0.25,155700,1.80208333333333,0.0641824541638015,0.0640501724057131,0.000132281758088354
Nx070_dt0p25h,70,0.25,156600,1.8125,0.0643669227780583,0.0642350217724745,0.000131901005583773
Nx070_dt0p25h,70,0.25,157500,1.82291666666667,0.0645508642437562,0.0644193407217037,0.000131523522052507
Nx070_dt0p25h,70,0.25,158400,1.83333333333333,0.0647342830543819,0.0646031337933976,0.000131149260984356
Nx070_dt0p25h,70,0.25,159300,1.84375,0.0649171836399452,0.0647864054631551,0.000130778176790053
Nx070_dt0p25h,70,0.25,160200,1.85416666666667,0.0650995703682271,0.064969160143448,0.000130410224779179
Nx070_dt0p25h,70,0.25,161100,1.86458333333333,0.0652814475459975,0.0651514021848623,0.0001300453611352
Nx070_dt0p25h,70,0.25,162000,1.875,0.0654628194202006,0.0653331358773047,0.000129683542895928
Nx070_dt0p25h,70,0.25,162900,1.88541666666667,0.065643690179113,0.0655143654511821,0.000129324727930896
Nx070_dt0p25h,70,0.25,163800,1.89583333333333,0.0658240639534712,0.0656950950785501,0.000128968874921101
Nx070_dt0p25h,70,0.25,164700,1.90625,0.0660039448175726,0.0658753288742334,0.000128615943339197
Nx070_dt0p25h,70,0.25,165600,1.91666666666667,0.0661833367903494,0.0660550708969198,0.000128265893429638
Nx070_dt0p25h,70,0.25,166500,1.92708333333333,0.066362243836416,0.0662343251502252,0.000127918686190734
Nx070_dt0p25h,70,0.25,167400,1.9375,0.0665406698670909,0.0664130955837359,0.000127574283354984
Nx070_dt0p25h,70,0.25,168300,1.94791666666667,0.0667186187413951,0.066591386094022,0.000127232647373049
Nx070_dt0p25h,70,0.25,169200,1.95833333333333,0.0668960942670251,0.06676920052563,0.000126893741395157
Nx070_dt0p25h,70,0.25,170100,1.96875,0.0670731002013041,0.066946542672049,0.000126557529255111
Nx070_dt0p25h,70,0.25,171000,1.97916666666667,0.0672496402521095,0.0671234162766553,0.000126223975454254
Nx070_dt0p25h,70,0.25,171900,1.98958333333333,0.0674257180787795,0.0672998250336346,0.000125893045144945
Nx070_dt0p25h,70,0.25,172800,2,0.067601337292998,0.0674757725888821,0.000125564704115913
Nx070_dt0p25h,70,0.25,173700,2.01041666666667,0.0677765014596585,0.067651262540881,0.000125238918777471
Nx070_dt0p25h,70,0.25,174600,2.02083333333333,0.0679512140977089,0.0678262984415621,0.000124915656146737
Nx070_dt0p25h,70,0.25,175500,2.03125,0.068125478680976,0.0680008837971432,0.000124594883832888
Nx070_dt0p25h,70,0.25,176400,2.04166666666667,0.0682992986389715,0.0681750220689457,0.000124276570025811
Nx070_dt0p25h,70,0.25,177300,2.05208333333333,0.068472677357679,0.0683487166741988,0.000123960683480209
Nx070_dt0p25h,70,0.25,178200,2.0625,0.0686456181803241,0.06852197098682,0.000123647193504148
Nx070_dt0p25h,70,0.25,179100,2.07291666666667,0.0688181244081262,0.0686947883381794,0.000123336069946883
Nx070_dt0p25h,70,0.25,180000,2.08333333333333,0.0689901993010338,0.0688671720178486,0.000123027283185181
Nx070_dt0p25h,70,0.25,180900,2.09375,0.069161846078443,0.06903912527433,0.000122720804112977
Nx070_dt0p25h,70,0.25,181800,2.10416666666667,0.0693330679199006,0.0692106513157716,0.000122416604129039
Nx070_dt0p25h,70,0.25,182700,2.11458333333333,0.0695038679657911,0.0693817533106651,0.000122114655126015
Nx070_dt0p25h,70,0.25,183600,2.125,0.0696742493180086,0.0695524343885293,0.000121814929479255
Nx070_dt0p25h,70,0.25,184500,2.13541666666667,0.0698442150406141,0.0697226976405773,0.000121517400036728
Nx070_dt0p25h,70,0.25,185400,2.14583333333333,0.0700137681604782,0.0698925461203701,0.000121222040108143
Nx070_dt0p25h,70,0.25,186300,2.15625,0.0701829116679106,0.0700619828444551,0.000120928823455491
Nx070_dt0p25h,70,0.25,187200,2.16666666666667,0.0703516485172744,0.0702310107929923,0.000120637724282169
Nx070_dt0p25h,70,0.25,188100,2.17708333333333,0.0705199816275892,0.0703996329103645,0.000120348717224744
Nx070_dt0p25h,70,0.25,189000,2.1875,0.0706879138831194,0.0705678521057765,0.000120061777342889
Nx070_dt0p25h,70,0.25,189900,2.19791666666667,0.0708554481339513,0.0707356712538407,0.00011977688011057
Nx070_dt0p25h,70,0.25,190800,2.20833333333333,0.0710225871965571,0.0709030931951501,0.000119494001406983
Nx070_dt0p25h,70,0.25,191700,2.21875,0.0711893338543476,0.0710701207368385,0.000119213117509107
Nx070_dt0p25h,70,0.25,192600,2.22916666666667,0.0713556908582127,0.0712367566531315,0.000118934205081217
Nx070_dt0p25h,70,0.25,193500,2.23958333333333,0.0715216609270511,0.0714030036858825,0.000118657241168663
Nx070_dt0p25h,70,0.25,194400,2.25,0.0716872467482888,0.0715688645450997,0.000118382203189063
Nx070_dt0p25h,70,0.25,195300,2.26041666666667,0.0718524509783863,0.0717343419094614,0.000118109068924899
Nx070_dt0p25h,70,0.25,196200,2.27083333333333,0.0720172762433363,0.0718994384268209,0.00011783781651549
Nx070_dt0p25h,70,0.25,197100,2.28125,0.0721817251391508,0.0720641567147003,0.000117568424450501
Nx070_dt0p25h,70,0.25,198000,2.29166666666667,0.0723458002323375,0.0722284993607755,0.000117300871561976
Nx070_dt0p25h,70,0.25,198900,2.30208333333333,0.0725095040603677,0.0723924689233502,0.000117035137017482
Nx070_dt0p25h,70,0.25,199800,2.3125,0.0726728391321337,0.0725560679318203,0.00011677120031342
Nx070_dt0p25h,70,0.25,200700,2.32291666666667,0.0728358079283979,0.0727192988871289,0.000116509041269072
Nx070_dt0p25h,70,0.25,201600,2.33333333333333,0.072998412902232,0.0728821642622134,0.000116248640018565
Nx070_dt0p25h,70,0.25,202500,2.34375,0.0731606564794477,0.0730446665024418,0.000115989977005834
Nx070_dt0p25h,70,0.25,203400,2.35416666666667,0.0733225410590193,0.073206808026041,0.000115733032978307
Nx070_dt0p25h,70,0.25,204300,2.36458333333333,0.0734840690134975,0.0733685912245172,0.000115477788980259
Nx070_dt0p25h,70,0.25,205200,2.375,0.0736452426894145,0.0735300184630672,0.000115224226347327
Nx070_dt0p25h,70,0.25,206100,2.38541666666667,0.0738060644076826,0.0736910920809813,0.000114972326701338
Nx070_dt0p25h,70,0.25,207000,2.39583333333333,0.0739665364639834,0.0738518143920402,0.000114722071943157
Nx070_dt0p25h,70,0.25,207900,2.40625,0.0741266611291502,0.074012187684901,0.000114473444249238
Nx070_dt0p25h,70,0.25,208800,2.41666666666667,0.0742864406495436,0.0741722142234793,0.000114226426064304
Nx070_dt0p25h,70,0.25,209700,2.42708333333333,0.0744458772474182,0.0743318962473205,0.000113981000097713
Nx070_dt0p25h,70,0.25,210600,2.4375,0.0746049731212837,0.0744912359719657,0.000113737149318061
Nx070_dt0p25h,70,0.25,211500,2.44791666666667,0.0747637304462588,0.0746502355893118,0.000113494856947033
Nx070_dt0p25h,70,0.25,212400,2.45833333333333,0.0749221513744176,0.0748088972679617,0.000113254106455851
Nx070_dt0p25h,70,0.25,213300,2.46875,0.0750802380351303,0.0749672231535696,0.000113014881560652
Nx070_dt0p25h,70,0.25,214200,2.47916666666667,0.0752379925353971,0.0751252153691807,0.000112777166216438
Nx070_dt0p25h,70,0.25,215100,2.48958333333333,0.0753954169601758,0.075282876015562,0.000112540944613881
Nx070_dt0p25h,70,0.25,216000,2.5,0.0755525133727033,0.0754402071715284,0.000112306201174889
Nx070_dt0p25h,70,0.25,216900,2.51041666666667,0.0757092838148108,0.0755972108942639,0.000112072920546921
Nx070_dt0p25h,70,0.25,217800,2.52083333333333,0.0758657303072339,0.0757538892196334,0.000111841087600581
Nx070_dt0p25h,70,0.25,218700,2.53125,0.0760218548499164,0.0759102441624921,0.000111610687424241
Nx070_dt0p25h,70,0.25,219600,2.54166666666667,0.076177659422308,0.0760662777169876,0.000111381705320462
Nx070_dt0p25h,70,0.25,220500,2.55208333333333,0.076333145983658,0.0762219918568555,0.000111154126802487
Nx070_dt0p25h,70,0.25,221400,2.5625,0.076488316473302,0.0763773885357127,0.000110927937589295
Nx070_dt0p25h,70,0.25,222300,2.57291666666667,0.0766431728109443,0.076532469687342,0.000110703123602326
Nx070_dt0p25h,70,0.25,223200,2.58333333333333,0.0767977168969354,0.0766872372259725,0.000110479670962962
Nx070_dt0p25h,70,0.25,224100,2.59375,0.0769519506125435,0.0768416930465568,0.000110257565986621
Nx070_dt0p25h,70,0.25,225000,2.60416666666667,0.0771058758202219,0.0769958390250406,0.00011003679518129
Nx070_dt0p25h,70,0.25,225900,2.61458333333333,0.0772594943638715,0.0771496770186282,0.000109817345243374
Nx070_dt0p25h,70,0.25,226800,2.625,0.0774128080690985,0.0773032088660445,0.00010959920305402
Nx070_dt0p25h,70,0.25,227700,2.63541666666667,0.0775658187434672,0.0774564363877914,0.000109382355675786
Nx070_dt0p25h,70,0.25,228600,2.64583333333333,0.077718528176749,0.0776093613863991,0.000109166790349932
Nx070_dt0p25h,70,0.25,229500,2.65625,0.0778709381411665,0.077761985646673,0.000108952494493483
Nx070_dt0p25h,70,0.25,230400,2.66666666666667,0.0780230503916333,0.0779143109359379,0.000108739455695422
Nx070_dt0p25h,70,0.25,231300,2.67708333333333,0.0781748666659902,0.078066339004277,0.000108527661713251
Nx070_dt0p25h,70,0.25,232200,2.6875,0.0783263886852364,0.0782180715847648,0.000108317100471572
Nx070_dt0p25h,70,0.25,233100,2.69791666666667,0.078477618153757,0.0783695103936988,0.000108107760058179
Nx070_dt0p25h,70,0.25,234000,2.70833333333333,0.0786285567595474,0.0785206571308262,0.000107899628721195
Nx070_dt0p25h,70,0.25,234900,2.71875,0.0787792061744322,0.0786715134795652,0.00010769269486699
Nx070_dt0p25h,70,0.25,235800,2.72916666666667,0.078929568054282,0.078822081107226,0.000107486947056007
Nx070_dt0p25h,70,0.25,236700,2.73958333333333,0.0790796440392252,0.078972361665223,0.000107282374002163
Nx070_dt0p25h,70,0.25,237600,2.75,0.079229435753857,0.0791223567892884,0.000107078964568547
Nx070_dt0p25h,70,0.25,238500,2.76041666666667,0.0793789448074446,0.0792720680996791,0.000106876707765532
Nx070_dt0p25h,70,0.25,239400,2.77083333333333,0.0795281727941288,0.07942149720138,0.000106675592748726
Nx070_dt0p25h,70,0.25,240300,2.78125,0.0796771212931222,0.0795706456843067,0.000106475608815521
Nx070_dt0p25h,70,0.25,241200,2.79166666666667,0.0798257918689046,0.0797195151235015,0.000106276745403019
Nx070_dt0p25h,70,0.25,242100,2.80208333333333,0.079974186071414,0.079868107079327,0.000106078992086936
Nx070_dt0p25h,70,0.25,243000,2.8125,0.0801223054362359,0.0800164230976587,0.000105882338577237
Nx070_dt0p25h,70,0.25,243900,2.82291666666667,0.0802701514847882,0.0801644647100709,0.000105686774717326
Nx070_dt0p25h,70,0.25,244800,2.83333333333333,0.0804177257245038,0.0803122334340223,0.000105492290481443
Nx070_dt0p25h,70,0.25,245700,2.84375,0.0805650296490094,0.0804597307730369,0.000105298875972465
Nx070_dt0p25h,70,0.25,246600,2.85416666666667,0.0807120647383026,0.0806069582168826,0.000105106521419943
Nx070_dt0p25h,70,0.25,247500,2.86458333333333,0.0808588324589248,0.0807539172417471,0.000104915217177676
Nx070_dt0p25h,70,0.25,248400,2.875,0.0810053342641322,0.0809006093104102,0.000104724953722046
Nx070_dt0p25h,70,0.25,249300,2.88541666666667,0.0811515715940636,0.0810470358724136,0.000104535721649965
Nx070_dt0p25h,70,0.25,250200,2.89583333333333,0.0812975458759054,0.0811931983642288,0.000104347511676608
Nx070_dt0p25h,70,0.25,251100,2.90625,0.0814432585240541,0.0813390982094198,0.000104160314634311
Nx070_dt0p25h,70,0.25,252000,2.91666666666667,0.0815887109402767,0.0814847368188077,0.000103974121469036
Nx070_dt0p25h,70,0.25,252900,2.92708333333333,0.0817339045138673,0.0816301155906264,0.000103788923240922
Nx070_dt0p25h,70,0.25,253800,2.9375,0.0818788406218024,0.081775235910682,0.000103604711120406
Nx070_dt0p25h,70,0.25,254700,2.94791666666667,0.082023520628893,0.0819200991525059,0.000103421476387172
Nx070_dt0p25h,70,0.25,255600,2.95833333333333,0.0821679458879349,0.0820647066775056,0.000103239210429235
Nx070_dt0p25h,70,0.25,256500,2.96875,0.0823121177398556,0.0822090598351165,0.000103057904739148
Nx070_dt0p25h,70,0.25,257400,2.97916666666667,0.0824560375138604,0.0823531599629451,0.000102877550915301
Nx070_dt0p25h,70,0.25,258300,2.98958333333333,0.0825997065275748,0.0824970083869172,0.000102698140657512
Nx070_dt0p25h,70,0.25,259200,3,0.0827431260871852,0.0826406064214183,0.000102519665766826
Nx070_dt0p25h,70,0.25,260100,3.01041666666667,0.0828862974875778,0.082783955369434,0.000102342118143875
Nx070_dt0p25h,70,0.25,261000,3.02083333333333,0.083029222012475,0.0829270565226885,0.000102165489786504
Nx070_dt0p25h,70,0.25,261900,3.03125,0.0831719009345692,0.0830699111617789,0.000101989772790315
Nx070_dt0p25h,70,0.25,262800,3.04166666666667,0.0833143355156554,0.0832125205563111,0.00010181495934429
Nx070_dt0p25h,70,0.25,263700,3.05208333333333,0.0834565270067616,0.0833548859650302,0.000101641041731437
Nx070_dt0p25h,70,0.25,264600,3.0625,0.0835984766482763,0.0834970086359497,0.000101468012326592
Nx070_dt0p25h,70,0.25,265500,3.07291666666667,0.0837401856700755,0.0836388898064803,0.000101295863595252
Nx070_dt0p25h,70,0.25,266400,3.08333333333333,0.0838816552916466,0.0837805307035544,0.00010112458809218
Nx070_dt0p25h,70,0.25,267300,3.09375,0.0840228867222106,0.0839219325437511,0.000100954178459484
Nx070_dt0p25h,70,0.25,268200,3.10416666666667,0.0841638811608435,0.0840630965334169,0.000100784627426603
Nx070_dt0p25h,70,0.25,269100,3.11458333333333,0.0843046397965943,0.084204023868787,0.000100615927807288
Nx070_dt0p25h,70,0.25,270000,3.125,0.0844451638086021,0.0843447157361024,0.000100448072499731
Nx070_dt0p25h,70,0.25,270900,3.13541666666667,0.0845854543662118,0.0844851733117273,0.000100281054484536
Nx070_dt0p25h,70,0.25,271800,3.14583333333333,0.0847255126290872,0.0846253977622634,0.000100114866823833
Nx070_dt0p25h,70,0.25,272700,3.15625,0.084865339747323,0.0847653902446628,9.99495026602071e-05
Nx070_dt0p25h,70,0.25,273600,3.16666666666667,0.0850049368615548,0.0849051519063399,9.97849552148433e-05
Nx070_dt0p25h,70,0.25,274500,3.17708333333333,0.0851443051030679,0.0850446838852807,9.96212177872546e-05
Nx070_dt0p25h,70,0.25,275400,3.1875,0.0852834455939043,0.0851839873101513,9.94582837530178e-05
Nx070_dt0p25h,70,0.25,276300,3.19791666666667,0.0854223594469676,0.0853230633004037,9.9296146563857e-05
Nx070_dt0p25h,70,0.25,277200,3.20833333333333,0.0855610477661275,0.0854619129663817,9.9134799745812e-05
Nx070_dt0p25h,70,0.25,278100,3.21875,0.0856995116463218,0.0856005374094231,9.89742368986413e-05
Nx070_dt0p25h,70,0.25,279000,3.22916666666667,0.0858377521736571,0.0857389377219635,9.88144516936157e-05
Nx070_dt0p25h,70,0.25,279900,3.23958333333333,0.0859757704255086,0.0858771149876344,9.86554378741566e-05
Nx070_dt0p25h,70,0.25,280800,3.25,0.0861135674706176,0.0860150702813647,9.84971892529912e-05
Nx070_dt0p25h,70,0.25,281700,3.26041666666667,0.0862511443691887,0.0861528046694753,9.83396997134012e-05
Nx070_dt0p25h,70,0.25,282600,3.27083333333333,0.0863885021729841,0.0862903192097784,9.81829632056563e-05
Nx070_dt0p25h,70,0.25,283500,3.28125,0.0865256419254182,0.08642761495167,9.8026973748111e-05
Nx070_dt0p25h,70,0.25,284400,3.29166666666667,0.0866625646616495,0.0865646929362244,9.78717254251221e-05
Nx070_dt0p25h,70,0.25,285300,3.30208333333333,0.0867992714086722,0.0867015541962859,9.77172123863002e-05
Nx070_dt0p25h,70,0.25,286200,3.3125,0.0869357631854058,0.0868381997565598,9.7563428846037e-05
Nx070_dt0p25h,70,0.25,287100,3.32291666666667,0.0870720410027838,0.0869746306337017,9.74103690821737e-05
Nx070_dt0p25h,70,0.25,288000,3.33333333333333,0.087208105863841,0.0871108478364062,9.72580274347518e-05
Nx070_dt0p25h,70,0.25,288900,3.34375,0.0873439587637995,0.0872468523654934,9.71063983061377e-05
Nx070_dt0p25h,70,0.25,289800,3.35416666666667,0.0874796006901541,0.0873826452139947,9.69554761593439e-05
Nx070_dt0p25h,70,0.25,290700,3.36458333333333,0.0876150326227555,0.087518227367238,9.68052555174737e-05
Nx070_dt0p25h,70,0.25,291600,3.375,0.0877502555338931,0.0876535998029302,9.6655730962944e-05
Nx070_dt0p25h,70,0.25,292500,3.38541666666667,0.0878852703883767,0.0877887634912404,9.65068971362643e-05
Nx070_dt0p25h,70,0.25,293400,3.39583333333333,0.0880200781436162,0.0879237193948799,9.63587487362583e-05
Nx070_dt0p25h,70,0.25,294300,3.40625,0.0881546797497014,0.0880584684691842,9.62112805172749e-05
Nx070_dt0p25h,70,0.25,295200,3.41666666666667,0.0882890761494799,0.088193011662189,9.60644872909228e-05
Nx070_dt0p25h,70,0.25,296100,3.42708333333333,0.0884232682786339,0.0883273499147101,9.59183639237943e-05
Nx070_dt0p25h,70,0.25,297000,3.4375,0.0885572570657567,0.0884614841604205,9.5772905336175e-05
Nx070_dt0p25h,70,0.25,297900,3.44791666666667,0.0886910434324273,0.0885954153259241,9.56281065031678e-05
Nx070_dt0p25h,70,0.25,298800,3.45833333333333,0.0888246282932844,0.0887291443308325,9.5483962451931e-05
Nx070_dt0p25h,70,0.25,299700,3.46875,0.0889580125560994,0.0888626720878366,9.53404682628306e-05
Nx070_dt0p25h,70,0.25,300600,3.47916666666667,0.0890911971218487,0.0889959995027813,9.51976190673998e-05
Nx070_dt0p25h,70,0.25,301500,3.48958333333333,0.0892241828847838,0.0891291274747359,9.5055410047909e-05
Nx070_dt0p25h,70,0.25,302400,3.5,0.0893569707325025,0.0892620568960653,9.49138364371993e-05
Nx070_dt0p25h,70,0.25,303300,3.51041666666667,0.089489561546017,0.0893947886524996,9.47728935173642e-05
Nx070_dt0p25h,70,0.25,304200,3.52083333333333,0.0896219561998228,0.0895273236232032,9.4632576619666e-05
Nx070_dt0p25h,70,0.25,305100,3.53125,0.0897541555619658,0.0896596626808424,9.44928811233425e-05
Nx070_dt0p25h,70,0.25,306000,3.54166666666667,0.0898861604941083,0.0897918066916526,9.43538024556351e-05
Nx070_dt0p25h,70,0.25,306900,3.55208333333333,0.0900179718515951,0.0899237565155049,9.42153360902476e-05
Nx070_dt0p25h,70,0.25,307800,3.5625,0.0901495904835179,0.0900555130059702,9.40774775477077e-05
Nx070_dt0p25h,70,0.25,308700,3.57291666666667,0.0902810172327792,0.0901870770103853,9.39402223939095e-05
Nx070_dt0p25h,70,0.25,309600,3.58333333333333,0.0904122529361549,0.0903184493699147,9.38035662401415e-05
Nx070_dt0p25h,70,0.25,310500,3.59375,0.090543298424357,0.0904496309196147,9.3667504742323e-05
Nx070_dt0p25h,70,0.25,311400,3.60416666666667,0.0906741545220947,0.0905806224884948,9.35320335999357e-05
Nx070_dt0p25h,70,0.25,312300,3.61458333333333,0.0908048220481351,0.0907114248995786,9.33971485564677e-05
Nx070_dt0p25h,70,0.25,313200,3.625,0.0909353018153623,0.0908420389699645,9.32628453978318e-05
Nx070_dt0p25h,70,0.25,314100,3.63541666666667,0.0910655946308376,0.0909724655108853,9.31291199523371e-05
Nx070_dt0p25h,70,0.25,315000,3.64583333333333,0.0911957012958566,0.0911027053277667,9.29959680898845e-05
Nx070_dt0p25h,70,0.25,315900,3.65625,0.0913256226060074,0.0912327592202856,9.28633857217864e-05
Nx070_dt0p25h,70,0.25,316800,3.66666666666667,0.0914553593512269,0.0913626279824265,9.27313688003917e-05
Nx070_dt0p25h,70,0.25,317700,3.67708333333333,0.0915849123158573,0.09149231240254,9.25999133173233e-05
Nx070_dt0p25h,70,0.25,318600,3.6875,0.091714282278701,0.0916218132633963,9.24690153047691e-05
Nx070_dt0p25h,70,0.25,319500,3.69791666666667,0.0918434700130756,0.0917511313422419,9.2338670833636e-05
Nx070_dt0p25h,70,0.25,320400,3.70833333333333,0.0919724762868672,0.0918802674108537,9.22088760135498e-05
Nx070_dt0p25h,70,0.25,321300,3.71875,0.0921013018625846,0.0920092222355927,9.20796269919255e-05
Nx070_dt0p25h,70,0.25,322200,3.72916666666667,0.0922299474974111,0.0921379965774564,9.19509199546475e-05
Nx070_dt0p25h,70,0.25,323100,3.73958333333333,0.0923584139432565,0.0922665911921322,9.18227511243069e-05
Nx070_dt0p25h,70,0.25,324000,3.75,0.092486701946809,0.0923950068300487,9.16951167602986e-05
Nx070_dt0p25h,70,0.25,324900,3.76041666666667,0.0926148122495849,0.0925232442364263,9.15680131585717e-05
Nx070_dt0p25h,70,0.25,325800,3.77083333333333,0.0927427455879794,0.0926513041513289,9.14414366504912e-05
Nx070_dt0p25h,70,0.25,326700,3.78125,0.0928705026933157,0.0927791873097128,9.13153836029218e-05
Nx070_dt0p25h,70,0.25,327600,3.79166666666667,0.0929980842918935,0.0929068944414754,9.11898504181163e-05
Nx070_dt0p25h,70,0.25,328500,3.80208333333333,0.0931254911050375,0.093034426271505,9.10648335325503e-05
Nx070_dt0p25h,70,0.25,329400,3.8125,0.0932527238491452,0.0931617835197289,9.09403294162836e-05
Nx070_dt0p25h,70,0.25,330300,3.82291666666667,0.0933797832357331,0.0932889669011586,9.0816334574445e-05
Nx070_dt0p25h,70,0.25,331200,3.83333333333333,0.093506669971484,0.0934159771259399,9.06928455440548e-05
Nx070_dt0p25h,70,0.25,332100,3.84375,0.0936333847582922,0.093542814899397,9.05698588952175e-05
Nx070_dt0p25h,70,0.25,333000,3.85416666666667,0.0937599282933094,0.0936694809220779,9.04473712314419e-05
Nx070_dt0p25h,70,0.25,333900,3.86458333333333,0.0938863012689887,0.0937959758898014,9.03253791873643e-05
Nx070_dt0p25h,70,0.25,334800,3.875,0.0940125043731296,0.0939223004936998,9.02038794297899e-05
Nx070_dt0p25h,70,0.25,335700,3.88541666666667,0.0941385382889211,0.0940484554202649,9.00828686562632e-05
Nx070_dt0p25h,70,0.25,336600,3.89583333333333,0.0942644036949851,0.0941744413513893,8.99623435958591e-05
Nx070_dt0p25h,70,0.25,337500,3.90625,0.094390101265419,0.0943002589644106,8.98423010083638e-05
Nx070_dt0p25h,70,0.25,338400,3.91666666666667,0.0945156316698376,0.0944259089321549,8.97227376827764e-05
Nx070_dt0p25h,70,0.25,339300,3.92708333333333,0.0946409955734153,0.0945513919229762,8.96036504390851e-05
Nx070_dt0p25h,70,0.25,340200,3.9375,0.0947661936369265,0.0946767086008007,8.94850361257693e-05
Nx070_dt0p25h,70,0.25,341100,3.94791666666667,0.0948912265167866,0.0948018596251658,8.93668916207707e-05
Nx070_dt0p25h,70,0.25,342000,3.95833333333333,0.0950160948650923,0.0949268456512608,8.92492138315354e-05
Nx070_dt0p25h,70,0.25,342900,3.96875,0.095140799329661,0.0950516673299685,8.91319996925016e-05
Nx070_dt0p25h,70,0.25,343800,3.97916666666667,0.0952653405540701,0.0951763253079023,8.90152461677368e-05
Nx070_dt0p25h,70,0.25,344700,3.98958333333333,0.0953897191776957,0.0953008202274479,8.88989502477594e-05
Nx070_dt0p25h,70,0.25,345600,4,0.0955139358357511,0.0954251527267996,8.87831089515095e-05
Nx070_dt0p25h,70,0.25,346500,4.01041666666667,0.0956379911593243,0.0955493234399998,8.86677193244895e-05
Nx070_dt0p25h,70,0.25,347400,4.02083333333333,0.0957618857754159,0.0956733329969766,8.85527784393464e-05
Nx070_dt0p25h,70,0.25,348300,4.03125,0.0958856203069755,0.0957971820235809,8.84382833946512e-05
Nx070_dt0p25h,70,0.25,349200,4.04166666666667,0.0960091953729387,0.0959208711416225,8.83242313161475e-05
Nx070_dt0p25h,70,0.25,350100,4.05208333333333,0.0961326115882628,0.0960444009689084,8.82106193544618e-05
Nx070_dt0p25h,70,0.25,351000,4.0625,0.0962558695639632,0.0961677721192766,8.80974446865468e-05
Nx070_dt0p25h,70,0.25,351900,4.07291666666667,0.0963789699071478,0.0962909852026336,8.79847045141269e-05
Nx070_dt0p25h,70,0.25,352800,4.08333333333333,0.0965019132210524,0.0964140408249882,8.78723960642119e-05
Nx070_dt0p25h,70,0.25,353700,4.09375,0.0966247001050754,0.0965369395884869,8.77605165885004e-05
Nx070_dt0p25h,70,0.25,354600,4.10416666666667,0.0967473311548114,0.0966596820914483,8.76490633630461e-05
Nx070_dt0p25h,70,0.25,355500,4.11458333333333,0.0968698069620849,0.0967822689283969,8.75380336880366e-05
Nx070_dt0p25h,70,0.25,356400,4.125,0.0969921281149843,0.0969047006900964,8.74274248878343e-05
Nx070_dt0p25h,70,0.25,357300,4.13541666666667,0.097114295197894,0.0970269779635844,8.73172343095752e-05
Nx070_dt0p25h,70,0.25,358200,4.14583333333333,0.0972363087915275,0.0971491013322025,8.72074593250005e-05
Nx070_dt0p25h,70,0.25,359100,4.15625,0.0973581694729595,0.0972710713756316,8.70980973279173e-05
Nx070_dt0p25h,70,0.25,360000,4.16666666666667,0.0974798778156577,0.0973928886699225,8.69891457351279e-05
Nx070_dt0p25h,70,0.25,360900,4.17708333333333,0.097601434389514,0.0975145537875276,8.68806019864721e-05
Nx070_dt0p25h,70,0.25,361800,4.1875,0.0977228397608765,0.0976360672973326,8.67724635438549e-05
Nx070_dt0p25h,70,0.25,362700,4.19791666666667,0.097844094492579,0.0977574297646882,8.66647278907895e-05
Nx070_dt0p25h,70,0.25,363600,4.20833333333333,0.0979651991439726,0.0978786417514394,8.65573925332014e-05
Nx070_dt0p25h,70,0.25,364500,4.21875,0.0980861542709554,0.0979997038159571,8.64504549982492e-05
Nx070_dt0p25h,70,0.25,365400,4.22916666666667,0.0982069604260018,0.098120616513167,8.63439128347687e-05
Nx070_dt0p25h,70,0.25,366300,4.23958333333333,0.0983276181581927,0.0982413803945805,8.6237763612218e-05
Nx070_dt0p25h,70,0.25,367200,4.25,0.0984481280132443,0.098361996008323,8.61320049212883e-05
Nx070_dt0p25h,70,0.25,368100,4.26041666666667,0.0985684905335366,0.0984824638991633,8.60266343732929e-05
Nx070_dt0p25h,70,0.25,369000,4.27083333333333,0.0986887062581424,0.098602784608543,8.59216495994464e-05
Nx070_dt0p25h,70,0.25,369900,4.28125,0.098808775722855,0.0987229586746031,8.58170482519044e-05
Nx070_dt0p25h,70,0.25,370800,4.29166666666667,0.0989286994602166,0.0988429866322142,8.5712828002335e-05
Nx070_dt0p25h,70,0.25,371700,4.30208333333333,0.0990484779995451,0.0989628690130028,8.56089865422377e-05
Nx070_dt0p25h,70,0.25,372600,4.3125,0.099168111866962,0.0990826063453795,8.55055215825129e-05
Nx070_dt0p25h,70,0.25,373500,4.32291666666667,0.0992876015854194,0.0992021991545656,8.54024308538232e-05
Nx070_dt0p25h,70,0.25,374400,4.33333333333333,0.099406947674726,0.0993216479626208,8.52997121051774e-05
Nx070_dt0p25h,70,0.25,375300,4.34375,0.0995261506515741,0.0994409532884689,8.51973631052494e-05
Nx070_dt0p25h,70,0.25,376200,4.35416666666667,0.0996452110295656,0.0995601156479247,8.50953816409067e-05
Nx070_dt0p25h,70,0.25,377100,4.36458333333333,0.0997641293192375,0.0996791355537196,8.4993765517849e-05
Nx070_dt0p25h,70,0.25,378000,4.375,0.0998829060280877,0.0997980135155282,8.48925125595951e-05
Nx070_dt0p25h,70,0.25,378900,4.38541666666667,0.100001541660601,0.0999167500399918,8.47916206087318e-05
Nx070_dt0p25h,70,0.25,379800,4.39583333333333,0.100120036718271,0.100035345630746,8.46910875246382e-05
Nx070_dt0p25h,70,0.25,380700,4.40625,0.10023839169963,0.100153800788445,8.45909111852339e-05
Nx070_dt0p25h,70,0.25,381600,4.41666666666667,0.10035660710027,0.100272116010784,8.44910894851891e-05
Nx070_dt0p25h,70,0.25,382500,4.42708333333333,0.100474683412865,0.100390291792528,8.43916203371597e-05
Nx070_dt0p25h,70,0.25,383400,4.4375,0.100592621127201,0.10050832862553,8.42925016709961e-05
Nx070_dt0p25h,70,0.25,384300,4.44791666666667,0.100710420730194,0.100626226998761,8.41937314330493e-05
Nx070_dt0p25h,70,0.25,385200,4.45833333333333,0.100828082705917,0.10074398739833,8.40953075869066e-05
Nx070_dt0p25h,70,0.25,386100,4.46875,0.100945607535621,0.100861610307508,8.39972281125034e-05
Nx070_dt0p25h,70,0.25,387000,4.47916666666667,0.101062995697757,0.100979096206751,8.38994910062757e-05
Nx070_dt0p25h,70,0.25,387900,4.48958333333333,0.101180247668005,0.101096445573724,8.38020942810908e-05
Nx070_dt0p25h,70,0.25,388800,4.5,0.101297363919289,0.101213658883323,8.37050359657615e-05
Nx070_dt0p25h,70,0.25,389700,4.51041666666667,0.101414344921802,0.101330736607696,8.36083141052824e-05
Nx070_dt0p25h,70,0.25,390600,4.52083333333333,0.101531191143029,0.101447679216269,8.35119267599826e-05
Nx070_dt0p25h,70,0.25,391500,4.53125,0.101647903047769,0.101564487175763,8.34158720063038e-05
Nx070_dt0p25h,70,0.25,392400,4.54166666666667,0.101764481098155,0.101681160950219,8.33201479358003e-05
Nx070_dt0p25h,70,0.25,393300,4.55208333333333,0.101880925753676,0.10179770100102,8.32247526556251e-05
Nx070_dt0p25h,70,0.25,394200,4.5625,0.101997237471197,0.101914107786909,8.31296842877111e-05
Nx070_dt0p25h,70,0.25,395100,4.57291666666667,0.102113416704983,0.102030381764014,8.30349409689513e-05
Nx070_dt0p25h,70,0.25,396000,4.58333333333333,0.102229463906717,0.102146523385865,8.29405208517819e-05
Nx070_dt0p25h,70,0.25,396900,4.59375,0.102345379525521,0.102262533103419,8.28464221025171e-05
Nx070_dt0p25h,70,0.25,397800,4.60416666666667,0.102461164007977,0.102378411365075,8.2752642902223e-05
Nx070_dt0p25h,70,0.25,398700,4.61458333333333,0.102576817798146,0.102494158616699,8.26591814462596e-05
Nx070_dt0p25h,70,0.25,399600,4.625,0.102692341337588,0.102609775301644,8.25660359446284e-05
Nx070_dt0p25h,70,0.25,400500,4.63541666666667,0.102807735065385,0.102725261860764,8.24732046210697e-05
Nx070_dt0p25h,70,0.25,401400,4.64583333333333,0.102922999418154,0.10284061873244,8.23806857133541e-05
Nx070_dt0p25h,70,0.25,402300,4.65625,0.103038134830071,0.102955846352599,8.22884774728944e-05
Nx070_dt0p25h,70,0.25,403200,4.66666666666667,0.103153141732891,0.103070945154726,8.21965781652723e-05
Nx070_dt0p25h,70,0.25,404100,4.67708333333333,0.103268020555963,0.103185915569894,8.21049860690037e-05
Nx070_dt0p25h,70,0.25,405000,4.6875,0.103382771726249,0.103300758026773,8.20136994764409e-05
Nx070_dt0p25h,70,0.25,405900,4.69791666666667,0.103497395668348,0.103415472951655,8.19227166927172e-05
Nx070_dt0p25h,70,0.25,406800,4.70833333333333,0.103611892804507,0.103530060768471,8.18320360367192e-05
Nx070_dt0p25h,70,0.25,407700,4.71875,0.103726263554645,0.103644521898805,8.17416558396844e-05
Nx070_dt0p25h,70,0.25,408600,4.72916666666667,0.103840508336366,0.10375885676192,8.16515744463675e-05
Nx070_dt0p25h,70,0.25,409500,4.73958333333333,0.103954627564982,0.103873065774768,8.15617902140964e-05
Nx070_dt0p25h,70,0.25,410400,4.75,0.104068621653526,0.103987149352014,8.14723015118701e-05
Nx070_dt0p25h,70,0.25,411300,4.76041666666667,0.104182491012771,0.104101107906048,8.13831067229404e-05
Nx070_dt0p25h,70,0.25,412200,4.77083333333333,0.10429623605125,0.104214941847008,8.12942042412723e-05
Nx070_dt0p25h,70,0.25,413100,4.78125,0.104409857175268,0.104328651582794,8.1205592474029e-05
Nx070_dt0p25h,70,0.25,414000,4.79166666666667,0.104523354788924,0.104442237519084,8.1117269840475e-05
Nx070_dt0p25h,70,0.25,414900,4.80208333333333,0.104636729294124,0.104555700059353,8.10292347712127e-05
Nx070_dt0p25h,70,0.25,415800,4.8125,0.1047499810906,0.10466903960489,8.09414857094459e-05
Nx070_dt0p25h,70,0.25,416700,4.82291666666667,0.104863110575923,0.104782256554813,8.08540211099523e-05
Nx070_dt0p25h,70,0.25,417600,4.83333333333333,0.104976118145526,0.104895351306087,8.07668394388061e-05
Nx070_dt0p25h,70,0.25,418500,4.84375,0.105089004192712,0.105008324253538,8.06799391741275e-05
Nx070_dt0p25h,70,0.25,419400,4.85416666666667,0.105201769108676,0.10512117578987,8.05933188055274e-05
Nx070_dt0p25h,70,0.25,420300,4.86458333333333,0.105314413282517,0.105233906305684,8.05069768334832e-05
Nx070_dt0p25h,70,0.25,421200,4.875,0.105426937101258,0.105346516189488,8.04209117698101e-05
Nx070_dt0p25h,70,0.25,422100,4.88541666666667,0.105539340949856,0.105459005827719,8.03351221374815e-05
Nx070_dt0p25h,70,0.25,423000,4.89583333333333,0.105651625211222,0.105571375604751,8.02496064708641e-05
Nx070_dt0p25h,70,0.25,423900,4.90625,0.105763790266234,0.105683625902919,8.01643633147747e-05
Nx070_dt0p25h,70,0.25,424800,4.91666666666667,0.105875836493751,0.105795757102527,8.00793912245773e-05
Nx070_dt0p25h,70,0.25,425700,4.92708333333333,0.105987764270633,0.105907769581866,7.99946887672653e-05
Nx070_dt0p25h,70,0.25,426600,4.9375,0.106099573971748,0.106019663717228,7.99102545196162e-05
Nx070_dt0p25h,70,0.25,427500,4.94791666666667,0.106211265969994,0.106131439882925,7.98260870692319e-05
Nx070_dt0p25h,70,0.25,428400,4.95833333333333,0.106322840636309,0.106243098451295,7.97421850135954e-05
Nx070_dt0p25h,70,0.25,429300,4.96875,0.106434298339686,0.106354639792725,7.96585469613337e-05
Nx070_dt0p25h,70,0.25,430200,4.97916666666667,0.106545639447191,0.10646606427566,7.95751715306908e-05
Nx070_dt0p25h,70,0.25,431100,4.98958333333333,0.10665686432397,0.106577372266619,7.94920573504165e-05
Nx070_dt0p25h,70,0.25,432000,5,0.10676797333327,0.106688564130212,7.94092030584753e-05
Nx070_dt0p25h,70,0.25,432900,5.01041666666667,0.10687896683645,0.106799640229146,7.9326607303809e-05
Nx070_dt0p25h,70,0.25,433800,5.02083333333333,0.106989845192992,0.106910600924247,7.92442687443662e-05
Nx070_dt0p25h,70,0.25,434700,5.03125,0.107100608760519,0.107021446574471,7.91621860482539e-05
Nx070_dt0p25h,70,0.25,435600,5.04166666666667,0.107211257894808,0.107132177536915,7.90803578928773e-05
Nx070_dt0p25h,70,0.25,436500,5.05208333333333,0.107321792949799,0.107242794166833,7.8998782965703e-05
Nx070_dt0p25h,70,0.25,437400,5.0625,0.107432214277613,0.107353296817649,7.89174599632042e-05
Nx070_dt0p25h,70,0.25,438300,5.07291666666667,0.107542522228563,0.107463685840972,7.88363875909442e-05
Nx070_dt0p25h,70,0.25,439200,5.08333333333333,0.107652717151167,0.107573961586602,7.8755564564742e-05
Nx070_dt0p25h,70,0.25,440100,5.09375,0.107762799392161,0.107684124402552,7.86749896090483e-05
Nx070_dt0p25h,70,0.25,441000,5.10416666666667,0.107872769296514,0.107794174635057,7.85946614571403e-05
Nx070_dt0p25h,70,0.25,441900,5.11458333333333,0.107982627207434,0.107904112628582,7.85145788517322e-05
Nx070_dt0p25h,70,0.25,442800,5.125,0.108092373466389,0.108013938725844,7.84347405445029e-05
Nx070_dt0p25h,70,0.25,443700,5.13541666666667,0.108202008413113,0.108123653267817,7.83551452959164e-05
Nx070_dt0p25h,70,0.25,444600,5.14583333333333,0.108311532385622,0.108233256593747,7.82757918751237e-05
Nx070_dt0p25h,70,0.25,445500,5.15625,0.108420945720223,0.108342749041163,7.81966790599498e-05
Nx070_dt0p25h,70,0.25,446400,5.16666666666667,0.10853024875153,0.108452130945893,7.81178056370041e-05
Nx070_dt0p25h,70,0.25,447300,5.17708333333333,0.108639441812473,0.108561402642071,7.80391704016531e-05
Nx070_dt0p25h,70,0.25,448200,5.1875,0.108748525234308,0.108670564462151,7.79607721571735e-05
Nx070_dt0p25h,70,0.25,449100,5.19791666666667,0.108857499346636,0.10877961673692,7.78826097157514e-05
Nx070_dt0p25h,70,0.25,450000,5.20833333333333,0.108966364477405,0.108888559795508,7.78046818974837e-05
Nx070_dt0p25h,70,0.25,450900,5.21875,0.109075120952931,0.1089973939654,7.77269875310987e-05
Nx070_dt0p25h,70,0.25,451800,5.22916666666667,0.109183769097901,0.109106119572448,7.76495254533188e-05
Nx070_dt0p25h,70,0.25,452700,5.23958333333333,0.10929230923539,0.109214736940881,7.75722945086238e-05
Nx070_dt0p25h,70,0.25,453600,5.25,0.109400741686871,0.10932324639332,7.74952935504586e-05
Nx070_dt0p25h,70,0.25,454500,5.26041666666667,0.109509066772223,0.109431648250784,7.74185214390127e-05
Nx070_dt0p25h,70,0.25,455400,5.27083333333333,0.109617284809747,0.109539942832704,7.73419770434963e-05
Nx070_dt0p25h,70,0.25,456300,5.28125,0.109725396116173,0.109648130456933,7.72656592400028e-05
Nx070_dt0p25h,70,0.25,457200,5.29166666666667,0.109833401006673,0.10975621143976,7.71895669129385e-05
Nx070_dt0p25h,70,0.25,458100,5.30208333333333,0.10994129979487,0.109864186095916,7.71136989545645e-05
Nx070_dt0p25h,70,0.25,459000,5.3125,0.11004909279285,0.109972054738587,7.70380542635535e-05
Nx070_dt0p25h,70,0.25,459900,5.32291666666667,0.110156780311172,0.110079817679424,7.69626317479594e-05
Nx070_dt0p25h,70,0.25,460800,5.33333333333333,0.110264362658879,0.110187475228558,7.68874303215678e-05
Nx070_dt0p25h,70,0.25,461700,5.34375,0.110371840143507,0.110295027694601,7.68124489068378e-05
Nx070_dt0p25h,70,0.25,462600,5.35416666666667,0.110479213071097,0.110402475384664,7.67376864325847e-05
Nx070_dt0p25h,70,0.25,463500,5.36458333333333,0.110586481746203,0.110509818604367,7.66631418360614e-05
Nx070_dt0p25h,70,0.25,464400,5.375,0.110693646471904,0.110617057657844,7.65888140604742e-05
Nx070_dt0p25h,70,0.25,465300,5.38541666666667,0.110800707549815,0.110724192847758,7.65147020571205e-05
Nx070_dt0p25h,70,0.25,466200,5.39583333333333,0.110907665280092,0.110831224475308,7.64408047839032e-05
Nx070_dt0p25h,70,0.25,467100,5.40625,0.111014519961447,0.110938152840242,7.6367121205817e-05
Nx070_dt0p25h,70,0.25,468000,5.41666666666667,0.111121271891157,0.111044978240862,7.62936502949757e-05
Nx070_dt0p25h,70,0.25,468900,5.42708333333333,0.111227921365069,0.111151700974039,7.62203910304737e-05
Nx070_dt0p25h,70,0.25,469800,5.4375,0.111334468677617,0.111258321335219,7.61473423979836e-05
Nx070_dt0p25h,70,0.25,470700,5.44791666666667,0.111440914121824,0.111364839618434,7.60745033901306e-05
Nx070_dt0p25h,70,0.25,471600,5.45833333333333,0.111547257989317,0.111471256116311,7.60018730061734e-05
Nx070_dt0p25h,70,0.25,472500,5.46875,0.111653500570334,0.111577571120082,7.59294502523378e-05
Nx070_dt0p25h,70,0.25,473400,5.47916666666667,0.111759642153732,0.111683784919591,7.58572341410663e-05
Nx070_dt0p25h,70,0.25,474300,5.48958333333333,0.111865683027,0.111789897803309,7.5785223691574e-05
Nx070_dt0p25h,70,0.25,475200,5.5,0.111971623476264,0.111895910058335,7.571341792946e-05
Nx070_dt0p25h,70,0.25,476100,5.51041666666667,0.112077463786298,0.112001821970411,7.56418158869704e-05
Nx070_dt0p25h,70,0.25,477000,5.52083333333333,0.112183204240532,0.112107633823929,7.55704166027632e-05
Nx070_dt0p25h,70,0.25,477900,5.53125,0.112288845121064,0.112213345901942,7.54992191214082e-05
Nx070_dt0p25h,70,0.25,478800,5.54166666666667,0.112394386708663,0.112318958486168,7.54282224942199e-05
Nx070_dt0p25h,70,0.25,479700,5.55208333333333,0.112499829282783,0.112424471857004,7.53574257787853e-05
Nx070_dt0p25h,70,0.25,480600,5.5625,0.112605173121569,0.112529886293531,7.52868280382013e-05
Nx070_dt0p25h,70,0.25,481500,5.57291666666667,0.112710418501867,0.112635202073524,7.52164283426698e-05
Nx070_dt0p25h,70,0.25,482400,5.58333333333333,0.112815565699231,0.112740419473463,7.51462257677915e-05
Nx070_dt0p25h,70,0.25,483300,5.59375,0.112920614987931,0.112845538768535,7.50762193954257e-05
Nx070_dt0p25h,70,0.25,484200,5.60416666666667,0.113025566640964,0.112950560232651,7.50064083130247e-05
Nx070_dt0p25h,70,0.25,485100,5.61458333333333,0.113130420930061,0.113055484138446,7.49367916147159e-05
Nx070_dt0p25h,70,0.25,486000,5.625,0.113235178125693,0.113160310757293,7.48673683999418e-05
Nx070_dt0p25h,70,0.25,486900,5.63541666666667,0.113339838497083,0.113265040359308,7.47981377742096e-05
Nx070_dt0p25h,70,0.25,487800,5.64583333333333,0.11344440231221,0.113369673213362,7.47290988485222e-05
Nx070_dt0p25h,70,0.25,488700,5.65625,0.113548869837823,0.113474209587082,7.46602507400995e-05
Nx070_dt0p25h,70,0.25,489600,5.66666666666667,0.11365324133944,0.113578649746868,7.45915925713797e-05
Nx070_dt0p25h,70,0.25,490500,5.67708333333333,0.113757517081364,0.113682993957894,7.45231234703797e-05
Nx070_dt0p25h,70,0.25,491400,5.6875,0.113861697326688,0.113787242484117,7.44548425714031e-05
Nx070_dt0p25h,70,0.25,492300,5.69791666666667,0.113965782337301,0.113891395588288,7.4386749013583e-05
Nx070_dt0p25h,70,0.25,493200,5.70833333333333,0.114069772373899,0.113995453531957,7.43188419417701e-05
Nx070_dt0p25h,70,0.25,494100,5.71875,0.114173667695988,0.114099416575481,7.42511205065882e-05
Nx070_dt0p25h,70,0.25,495000,5.72916666666667,0.114277468561897,0.114203284978033,7.41835838634214e-05
Nx070_dt0p25h,70,0.25,495900,5.73958333333333,0.114381175228781,0.114307058997608,7.411623117351e-05
Nx070_dt0p25h,70,0.25,496800,5.75,0.114484787952633,0.114410738891029,7.40490616035483e-05
Nx070_dt0p25h,70,0.25,497700,5.76041666666667,0.114588306988285,0.11451432491396,7.39820743249353e-05
Nx070_dt0p25h,70,0.25,498600,5.77083333333333,0.114691732589421,0.114617817320906,7.39152685147737e-05
Nx070_dt0p25h,70,0.25,499500,5.78125,0.114795065008582,0.114721216365227,7.38486433550511e-05
Nx070_dt0p25h,70,0.25,500400,5.79166666666667,0.114898304497174,0.114824522299141,7.37821980333342e-05
Nx070_dt0p25h,70,0.25,501300,5.80208333333333,0.115001451305474,0.114927735373732,7.37159317418246e-05
Nx070_dt0p25h,70,0.25,502200,5.8125,0.115104505682637,0.115030855838959,7.36498436781918e-05
Nx070_dt0p25h,70,0.25,503100,5.82291666666667,0.115207467876704,0.115133883943659,7.35839330448795e-05
Nx070_dt0p25h,70,0.25,504000,5.83333333333333,0.115310338134609,0.11523681993556,7.35181990490774e-05
Nx070_dt0p25h,70,0.25,504900,5.84375,0.115413116702185,0.115339664061282,7.34526409035541e-05
Nx070_dt0p25h,70,0.25,505800,5.85416666666667,0.115515803824173,0.115442416566347,7.33872578256162e-05
Nx070_dt0p25h,70,0.25,506700,5.86458333333333,0.115618399744224,0.115545077695187,7.33220490374137e-05
Nx070_dt0p25h,70,0.25,507600,5.875,0.115720904704912,0.115647647691146,7.32570137658844e-05
Nx070_dt0p25h,70,0.25,508500,5.88541666666667,0.115823318947735,0.115750126796492,7.31921512430872e-05
Nx070_dt0p25h,70,0.25,509400,5.89583333333333,0.115925642713128,0.115852515252422,7.31274607054244e-05
Nx070_dt0p25h,70,0.25,510300,5.90625,0.116027876240461,0.115954813299067,7.30629413943223e-05
Nx070_dt0p25h,70,0.25,511200,5.91666666666667,0.116130019768054,0.116057021175499,7.29985925555787e-05
Nx070_dt0p25h,70,0.25,512100,5.92708333333333,0.116232073533179,0.116159139119739,7.29344134399734e-05
Nx070_dt0p25h,70,0.25,513000,5.9375,0.116334037772066,0.116261167368763,7.28704033028937e-05
Nx070_dt0p25h,70,0.25,513900,5.94791666666667,0.116435912719912,0.116363106158508,7.28065614039319e-05
Nx070_dt0p25h,70,0.25,514800,5.95833333333333,0.116537698610885,0.116464955723878,7.27428870072877e-05
Nx070_dt0p25h,70,0.25,515700,5.96875,0.116639395678133,0.116566716298751,7.26793793819208e-05
Nx070_dt0p25h,70,0.25,516600,5.97916666666667,0.116741004153786,0.116668388115985,7.26160378009127e-05
Nx070_dt0p25h,70,0.25,517500,5.98958333333333,0.116842524268967,0.116769971407425,7.25528615422716e-05
Nx070_dt0p25h,70,0.25,518400,6,0.116943956253795,0.116871466403907,7.24898498881965e-05
Nx070_dt0p25h,70,0.25,519300,6.01041666666667,0.117045300337391,0.116972873335266,7.24270021245227e-05
Nx070_dt0p25h,70,0.25,520200,6.02083333333333,0.117146556747885,0.117074192430343,7.23643175426225e-05
Nx070_dt0p25h,70,0.25,521100,6.03125,0.117247725712424,0.117175423916987,7.23017954372268e-05
Nx070_dt0p25h,70,0.25,522000,6.04166666666667,0.117348807457174,0.117276568022066,7.2239435107993e-05
Nx070_dt0p25h,70,0.25,522900,6.05208333333333,0.117449802207328,0.11737762497147,7.21772358580203e-05
Nx070_dt0p25h,70,0.25,523800,6.0625,0.117550710187111,0.117478594990116,7.21151969952233e-05
Nx070_dt0p25h,70,0.25,524700,6.07291666666667,0.117651531619788,0.117579478301957,7.20533178317495e-05
Nx070_dt0p25h,70,0.25,525600,6.08333333333333,0.117752266727668,0.117680275129985,7.19915976832158e-05
Nx070_dt0p25h,70,0.25,526500,6.09375,0.117852915732109,0.117780985696239,7.19300358700131e-05
Nx070_dt0p25h,70,0.25,527400,6.10416666666667,0.117953478853525,0.117881610221808,7.18686317162237e-05
Nx070_dt0p25h,70,0.25,528300,6.11458333333333,0.11805395631139,0.11798214892684,7.18073845500378e-05
Nx070_dt0p25h,70,0.25,529200,6.125,0.118154348324247,0.118082602030543,7.17462937036839e-05
Nx070_dt0p25h,70,0.25,530100,6.13541666666667,0.11825465510971,0.118182969751197,7.16853585133459e-05
Nx070_dt0p25h,70,0.25,531000,6.14583333333333,0.118354876884472,0.118283252306153,7.16245783189129e-05
Nx070_dt0p25h,70,0.25,531900,6.15625,0.118455013864308,0.118383449911843,7.15639524649231e-05
Nx070_dt0p25h,70,0.25,532800,6.16666666666667,0.118555066264081,0.118483562783782,7.15034802988429e-05
Nx070_dt0p25h,70,0.25,533700,6.17708333333333,0.118655034297751,0.118583591136578,7.14431611726768e-05
Nx070_dt0p25h,70,0.25,534600,6.1875,0.118754918178374,0.118683535183933,7.13829944418293e-05
Nx070_dt0p25h,70,0.25,535500,6.19791666666667,0.118854718118115,0.118783395138649,7.13229794655906e-05
Nx070_dt0p25h,70,0.25,536400,6.20833333333333,0.118954434328244,0.118883171212637,7.12631156074284e-05
Nx070_dt0p25h,70,0.25,537300,6.21875,0.119054067019151,0.118982863616917,7.1203402234099e-05
Nx070_dt0p25h,70,0.25,538200,6.22916666666667,0.119153616400342,0.119082472561626,7.11438387161201e-05
Nx070_dt0p25h,70,0.25,539100,6.23958333333333,0.119253082680453,0.119181998256025,7.10844244275477e-05
Nx070_dt0p25h,70,0.25,540000,6.25,0.119352466067246,0.119281440908499,7.1025158746546e-05
Nx070_dt0p25h,70,0.25,540900,6.26041666666667,0.119451766767623,0.119380800726568,7.09660410544433e-05
Nx070_dt0p25h,70,0.25,541800,6.27083333333333,0.119550984987623,0.119480077916886,7.0907070736842e-05
Nx070_dt0p25h,70,0.25,542700,6.28125,0.119650120932434,0.119579272685252,7.08482471818428e-05
Nx070_dt0p25h,70,0.25,543600,6.29166666666667,0.119749174806393,0.119678385236611,7.07895697821537e-05
Nx070_dt0p25h,70,0.25,544500,6.30208333333333,0.119848146812992,0.119777415775059,7.07310379334386e-05
Nx070_dt0p25h,70,0.25,545400,6.3125,0.119947037154885,0.11987636450385,7.06726510347477e-05
Nx070_dt0p25h,70,0.25,546300,6.32291666666667,0.12004584603389,0.119975231625401,7.06144084888921e-05
Nx070_dt0p25h,70,0.25,547200,6.33333333333333,0.120144573650996,0.120074017341294,7.05563097020689e-05
Nx070_dt0p25h,70,0.25,548100,6.34375,0.120243220206366,0.120172721852282,7.04983540837506e-05
Nx070_dt0p25h,70,0.25,549000,6.35416666666667,0.120341785899344,0.120271345358297,7.04405410470177e-05
Nx070_dt0p25h,70,0.25,549900,6.36458333333333,0.120440270928457,0.120369888058448,7.03828700083925e-05
Nx070_dt0p25h,70,0.25,550800,6.375,0.120538675491421,0.120468350151034,7.03253403871867e-05
Nx070_dt0p25h,70,0.25,551700,6.38541666666667,0.120636999785146,0.12056673183354,7.02679516065702e-05
Nx070_dt0p25h,70,0.25,552600,6.39583333333333,0.120735244005742,0.120665033302649,7.02107030929322e-05
Nx070_dt0p25h,70,0.25,553500,6.40625,0.120833408348518,0.120763254754242,7.01535942755488e-05
Nx070_dt0p25h,70,0.25,554400,6.41666666666667,0.120931493007993,0.120861396383406,7.00966245870127e-05
Nx070_dt0p25h,70,0.25,555300,6.42708333333333,0.121029498177897,0.120959458384433,7.0039793463858e-05
Nx070_dt0p25h,70,0.25,556200,6.4375,0.121127424051177,0.121057440950832,6.99831003450752e-05
Nx070_dt0p25h,70,0.25,557100,6.44791666666667,0.121225270819999,0.121155344275326,6.99265446731656e-05
Nx070_dt0p25h,70,0.25,558000,6.45833333333333,0.121323038675756,0.121253168549863,6.98701258933093e-05
Nx070_dt0p25h,70,0.25,558900,6.46875,0.12142072780907,0.121350913965615,6.98138434543361e-05
Nx070_dt0p25h,70,0.25,559800,6.47916666666667,0.121518338409795,0.121448580712987,6.97576968080454e-05
Nx070_dt0p25h,70,0.25,560700,6.48958333333333,0.121615870667025,0.121546168981616,6.97016854093041e-05
Nx070_dt0p25h,70,0.25,561600,6.5,0.121713324769097,0.121643678960381,6.96458087159069e-05
Nx070_dt0p25h,70,0.25,562500,6.51041666666667,0.121810700903592,0.121741110837403,6.95900661886462e-05
Nx070_dt0p25h,70,0.25,563400,6.52083333333333,0.121907999257344,0.121838464800052,6.953445729177e-05
Nx070_dt0p25h,70,0.25,564300,6.53125,0.122005220016441,0.121935741034949,6.94789814920244e-05
Nx070_dt0p25h,70,0.25,565200,6.54166666666667,0.122102363366232,0.122032939727972,6.942363825925e-05
Nx070_dt0p25h,70,0.25,566100,6.55208333333333,0.122199429491325,0.122130061064259,6.93684270664935e-05
Nx070_dt0p25h,70,0.25,567000,6.5625,0.122296418575601,0.122227105228211,6.93133473896046e-05
Nx070_dt0p25h,70,0.25,567900,6.57291666666667,0.122393330802208,0.122324072403501,6.92583987070283e-05
Nx070_dt0p25h,70,0.25,568800,6.58333333333333,0.122490166353572,0.122420962773071,6.9203580500582e-05
Nx070_dt0p25h,70,0.25,569700,6.59375,0.122586925411396,0.122517776519141,6.91488922545669e-05
Nx070_dt0p25h,70,0.25,570600,6.60416666666667,0.12268360815667,0.122614513823213,6.90943334562821e-05
Nx070_dt0p25h,70,0.25,571500,6.61458333333333,0.122780214769668,0.122711174866072,6.90399035959688e-05
Nx070_dt0p25h,70,0.25,572400,6.625,0.122876745429957,0.122807759827791,6.8985602166477e-05
Nx070_dt0p25h,70,0.25,573300,6.63541666666667,0.1229732003164,0.122904268887736,6.89314286636683e-05
Nx070_dt0p25h,70,0.25,574200,6.64583333333333,0.123069579607157,0.123000702224571,6.88773825858052e-05
Nx070_dt0p25h,70,0.25,575100,6.65625,0.123165883479693,0.123097060016259,6.88234634342588e-05
Nx070_dt0p25h,70,0.25,576000,6.66666666666667,0.123262112110778,0.123193342440065,6.87696707128566e-05
Nx070_dt0p25h,70,0.25,576900,6.67708333333333,0.123358265676493,0.123289549672564,6.87160039286455e-05
Nx070_dt0p25h,70,0.25,577800,6.6875,0.123454344352235,0.123385681889644,6.86624625906296e-05
Nx070_dt0p25h,70,0.25,578700,6.69791666666667,0.123550348312716,0.123481739266505,6.86090462111849e-05
Nx070_dt0p25h,70,0.25,579600,6.70833333333333,0.123646277731972,0.123577721977668,6.85557543047138e-05
Nx070_dt0p25h,70,0.25,580500,6.71875,0.123742132783365,0.123673630196976,6.85025863885191e-05
Nx070_dt0p25h,70,0.25,581400,6.72916666666667,0.123837913639583,0.1237694640976,6.84495419827347e-05
Nx070_dt0p25h,70,0.25,582300,6.73958333333333,0.123933620472649,0.123865223852039,6.83966206097841e-05
Nx070_dt0p25h,70,0.25,583200,6.75,0.124029253453922,0.123960909632128,6.83438217949361e-05
Nx070_dt0p25h,70,0.25,584100,6.76041666666667,0.124124812754102,0.124056521609036,6.82911450657631e-05
Nx070_dt0p25h,70,0.25,585000,6.77083333333333,0.124220298543229,0.124152059953276,6.82385899523075e-05
Nx070_dt0p25h,70,0.25,585900,6.78125,0.124315710990692,0.124247524834705,6.81861559878594e-05
Nx070_dt0p25h,70,0.25,586800,6.79166666666667,0.124411050265233,0.124342916422526,6.81338427071798e-05
Nx070_dt0p25h,70,0.25,587700,6.80208333333333,0.124506316534944,0.124438234885295,6.80816496483327e-05
Nx070_dt0p25h,70,0.25,588600,6.8125,0.124601509967275,0.124533480390924,6.80295763513805e-05
Nx070_dt0p25h,70,0.25,589500,6.82291666666667,0.124696630729039,0.12462865310668,6.79776223589112e-05
Nx070_dt0p25h,70,0.25,590400,6.83333333333333,0.124791678986412,0.124723753199196,6.79257872164413e-05
Nx070_dt0p25h,70,0.25,591300,6.84375,0.124886654904938,0.124818780834467,6.78740704712077e-05
Nx070_dt0p25h,70,0.25,592200,6.85416666666667,0.12498155864953,0.124913736177857,6.78224716731124e-05
Nx070_dt0p25h,70,0.25,593100,6.86458333333333,0.125076390384479,0.125008619394104,6.77709903749157e-05
Nx070_dt0p25h,70,0.25,594000,6.875,0.12517115027345,0.125103430647319,6.771962613078e-05
Nx070_dt0p25h,70,0.25,594900,6.88541666666667,0.125265838479492,0.125198170100994,6.76683784982535e-05
Nx070_dt0p25h,70,0.25,595800,6.89583333333333,0.125360455165036,0.125292837917999,6.76172470366054e-05
Nx070_dt0p25h,70,0.25,596700,6.90625,0.125455000491901,0.125387434260594,6.75662313075753e-05
Nx070_dt0p25h,70,0.25,597600,6.91666666666667,0.125549474621298,0.125481959290423,6.75153308754284e-05
Nx070_dt0p25h,70,0.25,598500,6.92708333333333,0.125643877713831,0.125576413168525,6.74645453062339e-05
Nx070_dt0p25h,70,0.25,599400,6.9375,0.1257382099295,0.125670796055331,6.74138741689201e-05
Nx070_dt0p25h,70,0.25,600300,6.94791666666667,0.125832471427708,0.125765108110674,6.73633170339971e-05
Nx070_dt0p25h,70,0.25,601200,6.95833333333333,0.125926662367258,0.125859349493783,6.73128734750283e-05
Nx070_dt0p25h,70,0.25,602100,6.96875,0.126020782906361,0.125953520363294,6.72625430673535e-05
Nx070_dt0p25h,70,0.25,603000,6.97916666666667,0.12611483320264,0.126047620877252,6.7212325388144e-05
Nx070_dt0p25h,70,0.25,603900,6.98958333333333,0.126208813413127,0.12614165119311,6.71622200178468e-05
Nx070_dt0p25h,70,0.25,604800,7,0.126302723694272,0.126235611467735,6.71122265379354e-05
Nx070_dt0p25h,70,0.25,605700,7.01041666666667,0.126396564201944,0.126329501857411,6.70623445330476e-05
Nx070_dt0p25h,70,0.25,606600,7.02083333333333,0.126490335091431,0.126423322517841,6.70125735892924e-05
Nx070_dt0p25h,70,0.25,607500,7.03125,0.126584036517449,0.126517073604154,6.69629132948601e-05
Nx070_dt0p25h,70,0.25,608400,7.04166666666667,0.12667766863414,0.126610755270899,6.69133632410779e-05
Nx070_dt0p25h,70,0.25,609300,7.05208333333333,0.126771231595079,0.126704367672059,6.68639230200219e-05
Nx070_dt0p25h,70,0.25,610200,7.0625,0.126864725553271,0.126797910961044,6.68145922266827e-05
Nx070_dt0p25h,70,0.25,611100,7.07291666666667,0.126958150661161,0.126891385290703,6.67653704582161e-05
Nx070_dt0p25h,70,0.25,612000,7.08333333333333,0.127051507070632,0.126984790813318,6.67162573136093e-05
Nx070_dt0p25h,70,0.25,612900,7.09375,0.12714479493301,0.127078127680616,6.66672523938483e-05
Nx070_dt0p25h,70,0.25,613800,7.10416666666667,0.127238014399065,0.127171396043763,6.66183553017508e-05
Nx070_dt0p25h,70,0.25,614700,7.11458333333333,0.127331165619016,0.127264596053373,6.65695656429377e-05
Nx070_dt0p25h,70,0.25,615600,7.125,0.127424248742534,0.12735772785951,6.65208830241681e-05
Nx070_dt0p25h,70,0.25,616500,7.13541666666667,0.127517263918742,0.127450791611687,6.64723070550044e-05
Nx070_dt0p25h,70,0.25,617400,7.14583333333333,0.12761021129622,0.127543787458874,6.64238373464798e-05
Nx070_dt0p25h,70,0.25,618300,7.15625,0.127703091023008,0.127636715549496,6.63754735113764e-05
Nx070_dt0p25h,70,0.25,619200,7.16666666666667,0.127795903246607,0.127729576031441,6.63272151654182e-05
Nx070_dt0p25h,70,0.25,620100,7.17708333333333,0.127888648113983,0.127822369052057,6.62790619253562e-05
Nx070_dt0p25h,70,0.25,621000,7.1875,0.12798132577157,0.12791509475816,6.62310134103006e-05
Nx070_dt0p25h,70,0.25,621900,7.19791666666667,0.128073936365273,0.128007753296032,6.61830692409715e-05
Nx070_dt0p25h,70,0.25,622800,7.20833333333333,0.128166480040467,0.128100344811427,6.6135229040587e-05
Nx070_dt0p25h,70,0.25,623700,7.21875,0.128258956942006,0.128192869449572,6.60874924337251e-05
Nx070_dt0p25h,70,0.25,624600,7.22916666666667,0.12835136721422,0.128285327355172,6.60398590471567e-05
Nx070_dt0p25h,70,0.25,625500,7.23958333333333,0.128443711000919,0.12837771867241,6.5992328509068e-05
Nx070_dt0p25h,70,0.25,626400,7.25,0.1285359884454,0.128470043544949,6.59449004505597e-05
Nx070_dt0p25h,70,0.25,627300,7.26041666666667,0.128628199690442,0.128562302115938,6.58975745033152e-05
Nx070_dt0p25h,70,0.25,628200,7.27083333333333,0.128720344878315,0.128654494528013,6.5850350301766e-05
Nx070_dt0p25h,70,0.25,629100,7.28125,0.128812424150779,0.128746620923297,6.58032274817033e-05
Nx070_dt0p25h,70,0.25,630000,7.29166666666667,0.128904437649089,0.128838681443408,6.57562056809724e-05
Nx070_dt0p25h,70,0.25,630900,7.30208333333333,0.128996385513994,0.128930676229455,6.57092845391116e-05
Nx070_dt0p25h,70,0.25,631800,7.3125,0.129088267885744,0.129022605422047,6.5662463697741e-05
Nx070_dt0p25h,70,0.25,632700,7.32291666666667,0.12918008490409,0.129114469161291,6.56157427995074e-05
Nx070_dt0p25h,70,0.25,633600,7.33333333333333,0.129271836708285,0.129206267586795,6.55691214897502e-05
Nx070_dt0p25h,70,0.25,634500,7.34375,0.12936352343709,0.129298000837674,6.55225994151409e-05
Nx070_dt0p25h,70,0.25,635400,7.35416666666667,0.129455145228772,0.129389669052548,6.54761762240719e-05
Nx070_dt0p25h,70,0.25,636300,7.36458333333333,0.129546702221113,0.129481272369546,6.54298515667395e-05
Nx070_dt0p25h,70,0.25,637200,7.375,0.129638194551405,0.12957281092631,6.5383625095089e-05
Nx070_dt0p25h,70,0.25,638100,7.38541666666667,0.129729622356458,0.129664284859995,6.53374964626752e-05
Nx070_dt0p25h,70,0.25,639000,7.39583333333333,0.129820985772599,0.129755694307274,6.52914653251346e-05
Nx070_dt0p25h,70,0.25,639900,7.40625,0.129912284935676,0.129847039404337,6.52455313390754e-05
Nx070_dt0p25h,70,0.25,640800,7.41666666666667,0.13000351998106,0.129938320286896,6.519969416377e-05
Nx070_dt0p25h,70,0.25,641700,7.42708333333333,0.130094691043647,0.130029537090188,6.51539534590184e-05
Nx070_dt0p25h,70,0.25,642600,7.4375,0.130185798257863,0.130120689948975,6.51083088874793e-05
Nx070_dt0p25h,70,0.25,643500,7.44791666666667,0.130276841757659,0.130211778997547,6.50627601124776e-05
Nx070_dt0p25h,70,0.25,644400,7.45833333333333,0.130367821676524,0.130302804369724,6.50173067996695e-05
Nx070_dt0p25h,70,0.25,645300,7.46875,0.130458738147477,0.130393766198862,6.49719486158495e-05
Nx070_dt0p25h,70,0.25,646200,7.47916666666667,0.130549591303077,0.130484664617847,6.49266852298935e-05
Nx070_dt0p25h,70,0.25,647100,7.48958333333333,0.130640381275419,0.130575499759108,6.48815163117045e-05
Nx070_dt0p25h,70,0.25,648000,7.5,0.130731108196143,0.130666271754609,6.4836441533489e-05
Nx070_dt0p25h,70,0.25,648900,7.51041666666667,0.130821772196429,0.13075698073586,6.47914605684252e-05
Nx070_dt0p25h,70,0.25,649800,7.52083333333333,0.130912373407004,0.130847626833912,6.47465730918284e-05
Nx070_dt0p25h,70,0.25,650700,7.53125,0.131002911958145,0.130938210179365,6.47017787800963e-05
Nx070_dt0p25h,70,0.25,651600,7.54166666666667,0.131093387979675,0.131028730902364,6.46570773113753e-05
Nx070_dt0p25h,70,0.25,652500,7.55208333333333,0.131183801600974,0.131119189132609,6.4612468365477e-05
Nx070_dt0p25h,70,0.25,653400,7.5625,0.131274152950973,0.131209584999349,6.45679516236564e-05
Nx070_dt0p25h,70,0.25,654300,7.57291666666667,0.131364442158161,0.131299918631392,6.45235267686672e-05
Nx070_dt0p25h,70,0.25,655200,7.58333333333333,0.131454669350585,0.1313901901571,6.44791934850675e-05
Nx070_dt0p25h,70,0.25,656100,7.59375,0.131544834655854,0.131480399704395,6.44349514582199e-05
Nx070_dt0p25h,70,0.25,657000,7.60416666666667,0.131634938201138,0.131570547400762,6.43908003759852e-05
Nx070_dt0p25h,70,0.25,657900,7.61458333333333,0.131724980113175,0.131660633373248,6.43467399269182e-05
Nx070_dt0p25h,70,0.25,658800,7.625,0.131814960518268,0.131750657748466,6.43027698016274e-05
Nx070_dt0p25h,70,0.25,659700,7.63541666666667,0.131904879542289,0.131840620652598,6.42588896915541e-05
Nx070_dt0p25h,70,0.25,660600,7.64583333333333,0.131994737310683,0.131930522211393,6.42150992901935e-05
Nx070_dt0p25h,70,0.25,661500,7.65625,0.132084533948467,0.132020362550175,6.41713982923453e-05
Nx070_dt0p25h,70,0.25,662400,7.66666666666667,0.132174269580233,0.132110141793839,6.41277863941137e-05
Nx070_dt0p25h,70,0.25,663300,7.67708333333333,0.132263944330151,0.132199860066858,6.40842632930183e-05
Nx070_dt0p25h,70,0.25,664200,7.6875,0.132353558321971,0.132289517493283,6.40408286884941e-05
Nx070_dt0p25h,70,0.25,665100,7.69791666666667,0.132443111679024,0.132379114196743,6.39974822806977e-05
Nx070_dt0p25h,70,0.25,666000,7.70833333333333,0.132532604524222,0.13246865030045,6.39542237717838e-05
Nx070_dt0p25h,70,0.25,666900,7.71875,0.132622036980066,0.132558125927201,6.39110528649345e-05
Nx070_dt0p25h,70,0.25,667800,7.72916666666667,0.132711409168642,0.132647541199377,6.3867969264858e-05
Nx070_dt0p25h,70,0.25,668700,7.73958333333333,0.132800721211625,0.132736896238947,6.38249726777895e-05
Nx070_dt0p25h,70,0.25,669600,7.75,0.132889973230283,0.132826191167472,6.37820628112962e-05
Nx070_dt0p25h,70,0.25,670500,7.76041666666667,0.132979165345475,0.132915426106101,6.37392393740555e-05
Nx070_dt0p25h,70,0.25,671400,7.77083333333333,0.133068297677656,0.13300460117558,6.36965020763547e-05
Nx070_dt0p25h,70,0.25,672300,7.78125,0.133157370346878,0.133093716496248,6.36538506301743e-05
Nx070_dt0p25h,70,0.25,673200,7.79166666666667,0.133246383472792,0.133182772188044,6.36112847476611e-05
Nx070_dt0p25h,70,0.25,674100,7.80208333333333,0.133335337174647,0.133271768370503,6.35688041438487e-05
Nx070_dt0p25h,70,0.25,675000,7.8125,0.133424231571298,0.133360705162764,6.35264085341314e-05
Nx070_dt0p25h,70,0.25,675900,7.82291666666667,0.133513066781203,0.133449582683568,6.34840976352635e-05
Nx070_dt0p25h,70,0.25,676800,7.83333333333333,0.133601842922426,0.13353840105126,6.34418711659701e-05
Nx070_dt0p25h,70,0.25,677700,7.84375,0.133690560112638,0.133627160383792,6.3399728845559e-05
Nx070_dt0p25h,70,0.25,678600,7.85416666666667,0.133779218469121,0.133715860798727,6.33576703945593e-05
Nx070_dt0p25h,70,0.25,679500,7.86458333333333,0.13386781810877,0.133804502413234,6.33156955358039e-05
Nx070_dt0p25h,70,0.25,680400,7.875,0.13395635914809,0.133893085344098,6.32738039923197e-05
Nx070_dt0p25h,70,0.25,681300,7.88541666666667,0.134044841703204,0.133981609707715,6.32319954889937e-05
Nx070_dt0p25h,70,0.25,682200,7.89583333333333,0.134133265889851,0.134070075620099,6.31902697518782e-05
Nx070_dt0p25h,70,0.25,683100,7.90625,0.134221631823389,0.134158483196881,6.31486265081915e-05
Nx070_dt0p25h,70,0.25,684000,7.91666666666667,0.134309939618797,0.13424683255331,6.31070654867338e-05
Nx070_dt0p25h,70,0.25,684900,7.92708333333333,0.134398189390674,0.134335123804258,6.30655864166663e-05
Nx070_dt0p25h,70,0.25,685800,7.9375,0.134486381253246,0.134423357064216,6.30241890296757e-05
Nx070_dt0p25h,70,0.25,686700,7.94791666666667,0.134574515320363,0.134511532447306,6.29828730575599e-05
Nx070_dt0p25h,70,0.25,687600,7.95833333333333,0.134662591705503,0.134599650067269,6.29416382341152e-05
Nx070_dt0p25h,70,0.25,688500,7.96875,0.134750610521772,0.134687710037478,6.29004842939429e-05
Nx070_dt0p25h,70,0.25,689400,7.97916666666667,0.134838571881909,0.134775712470936,6.2859410972893e-05
Nx070_dt0p25h,70,0.25,690300,7.98958333333333,0.134926475898284,0.134863657480276,6.28184180082314e-05
Nx070_dt0p25h,70,0.25,691200,8,0.135014322682901,0.134951545177763,6.27775051380564e-05
Nx070_dt0p25h,70,0.25,692100,8.01041666666667,0.135102112347401,0.135039375675299,6.27366721020484e-05
Nx070_dt0p25h,70,0.25,693000,8.02083333333333,0.135189845003062,0.135127149084421,6.26959186409703e-05
Nx070_dt0p25h,70,0.25,693900,8.03125,0.1352775207608,0.135214865516303,6.26552444964457e-05
Nx070_dt0p25h,70,0.25,694800,8.04166666666667,0.135365139731173,0.135302525081761,6.2614649411874e-05
Nx070_dt0p25h,70,0.25,695700,8.05208333333333,0.135452702024382,0.135390127891251,6.25741331313212e-05
Nx070_dt0p25h,70,0.25,696600,8.0625,0.135540207750271,0.135477674054871,6.25336953999356e-05
Nx070_dt0p25h,70,0.25,697500,8.07291666666667,0.13562765701833,0.135565163682366,6.24933359646973e-05
Nx070_dt0p25h,70,0.25,698400,8.08333333333333,0.135715049937696,0.135652596883124,6.24530545728363e-05
Nx070_dt0p25h,70,0.25,699300,8.09375,0.135802386617156,0.135739973766183,6.24128509732202e-05
Nx070_dt0p25h,70,0.25,700200,8.10416666666667,0.135889667165145,0.135827294440229,6.23727249160211e-05
Nx070_dt0p25h,70,0.25,701100,8.11458333333333,0.135976891689752,0.1359145590136,6.23326761520215e-05
Nx070_dt0p25h,70,0.25,702000,8.125,0.136064060298719,0.136001767594285,6.22927044336696e-05
Nx070_dt0p25h,70,0.25,702900,8.13541666666667,0.136151173099443,0.136088920289929,6.22528095140795e-05
Nx070_dt0p25h,70,0.25,703800,8.14583333333333,0.136238230198978,0.13617601720783,6.22129911475588e-05
Nx070_dt0p25h,70,0.25,704700,8.15625,0.136325231704035,0.136263058454946,6.21732490898308e-05
Nx070_dt0p25h,70,0.25,705600,8.16666666666667,0.136412177720987,0.13635004413789,6.21335830973679e-05
Nx070_dt0p25h,70,0.25,706500,8.17708333333333,0.136499068355867,0.136436974362939,6.20939929276421e-05
Nx070_dt0p25h,70,0.25,707400,8.1875,0.136585903714369,0.136523849236029,6.20544783396237e-05
Nx070_dt0p25h,70,0.25,708300,8.19791666666667,0.136672683901853,0.13661066886276,6.20150390932273e-05
Nx070_dt0p25h,70,0.25,709200,8.20833333333333,0.136759409023345,0.136697433348396,6.1975674948922e-05
Nx070_dt0p25h,70,0.25,710100,8.21875,0.136846079183538,0.136784142797869,6.19363856690647e-05
Nx070_dt0p25h,70,0.25,711000,8.22916666666667,0.136932694486794,0.136870797315777,6.18971710164007e-05
Nx070_dt0p25h,70,0.25,711900,8.23958333333333,0.137019255037143,0.136957397006388,6.18580307552297e-05
Nx070_dt0p25h,70,0.25,712800,8.25,0.137105760938289,0.137043941973638,6.18189646504896e-05
Nx070_dt0p25h,70,0.25,713700,8.26041666666667,0.137192212293608,0.137130432321139,6.17799724682011e-05
Nx070_dt0p25h,70,0.25,714600,8.27083333333333,0.13727860920615,0.137216868152174,6.17410539757168e-05
Nx070_dt0p25h,70,0.25,715500,8.28125,0.137364951778643,0.137303249569702,6.17022089410835e-05
Nx070_dt0p25h,70,0.25,716400,8.29166666666667,0.137451240113491,0.137389576676357,6.16634371337077e-05
Nx070_dt0p25h,70,0.25,717300,8.30208333333333,0.137537474312775,0.137475849574452,6.16247383234958e-05
Nx070_dt0p25h,70,0.25,718200,8.3125,0.137623654478259,0.137562068365978,6.15861122818806e-05
Nx070_dt0p25h,70,0.25,719100,8.32291666666667,0.137709780711389,0.137648233152607,6.15475587811831e-05
Nx070_dt0p25h,70,0.25,720000,8.33333333333333,0.13779585311329,0.137734344035695,6.15090775944738e-05
Nx070_dt0p25h,70,0.25,720900,8.34375,0.137881871784774,0.137820401116278,6.14706684959609e-05
Nx070_dt0p25h,70,0.25,721800,8.35416666666667,0.137967836826341,0.13790640449508,6.14323312609077e-05
Nx070_dt0p25h,70,0.25,722700,8.36458333333333,0.138053748338173,0.137992354272507,6.13940656655765e-05
Nx070_dt0p25h,70,0.25,723600,8.375,0.138139606420145,0.138078250548657,6.13558714870344e-05
Nx070_dt0p25h,70,0.25,724500,8.38541666666667,0.138225411171818,0.138164093423315,6.13177485035143e-05
Nx070_dt0p25h,70,0.25,725400,8.39583333333333,0.138311162692448,0.138249882995954,6.12796964938878e-05
Nx070_dt0p25h,70,0.25,726300,8.40625,0.138396861080981,0.138335619365743,6.12417152382194e-05
Nx070_dt0p25h,70,0.25,727200,8.41666666666667,0.138482506436058,0.13842130263154,6.12038045177676e-05
Nx070_dt0p25h,70,0.25,728100,8.42708333333333,0.138568098856014,0.138506932891899,6.11659641144013e-05
Nx070_dt0p25h,70,0.25,729000,8.4375,0.13865363843888,0.13859251024507,6.11281938107389e-05
Nx070_dt0p25h,70,0.25,729900,8.44791666666667,0.138739125282388,0.138678034788997,6.10904933910361e-05
Nx070_dt0p25h,70,0.25,730800,8.45833333333333,0.138824559483967,0.138763506621327,6.10528626397433e-05
Nx070_dt0p25h,70,0.25,731700,8.46875,0.138909941140744,0.138848925839402,6.10153013426706e-05
Nx070_dt0p25h,70,0.25,732600,8.47916666666667,0.138995270349553,0.138934292540266,6.09778092865165e-05
Nx070_dt0p25h,70,0.25,733500,8.48958333333333,0.139080547206926,0.139019606820667,6.09403862586455e-05
Nx070_dt0p25h,70,0.25,734400,8.5,0.139165771809102,0.139104868777055,6.09030320474768e-05
Nx070_dt0p25h,70,0.25,735300,8.51041666666667,0.139250944252025,0.139190078505582,6.08657464427897e-05
Nx070_dt0p25h,70,0.25,736200,8.52083333333333,0.139336064631345,0.139275236102111,6.0828529234197e-05
Nx070_dt0p25h,70,0.25,737100,8.53125,0.139421133042422,0.139360341662208,6.07913802131155e-05
Nx070_dt0p25h,70,0.25,738000,8.54166666666667,0.139506149580322,0.13944539528115,6.07542991716836e-05
Nx070_dt0p25h,70,0.25,738900,8.55208333333333,0.139591114339823,0.139530397053921,6.07172859027894e-05
Nx070_dt0p25h,70,0.25,739800,8.5625,0.139676027415417,0.139615347075217,6.06803402001532e-05
Nx070_dt0p25h,70,0.25,740700,8.57291666666667,0.139760888901306,0.139700245439448,6.06434618584117e-05
Nx070_dt0p25h,70,0.25,741600,8.58333333333333,0.139845698891408,0.139785092240735,6.06066506732283e-05
Nx070_dt0p25h,70,0.25,742500,8.59375,0.139930457479354,0.139869887572913,6.05699064412102e-05
Nx070_dt0p25h,70,0.25,743400,8.60416666666667,0.140015164758494,0.139954631529535,6.0533228959242e-05
Nx070_dt0p25h,70,0.25,744300,8.61458333333333,0.140099820821895,0.14003932420387,6.04966180258182e-05
Nx070_dt0p25h,70,0.25,745200,8.625,0.140184425762344,0.140123965688904,6.04600734397109e-05
Nx070_dt0p25h,70,0.25,746100,8.63541666666667,0.140268979672345,0.140208556077344,6.04235950008858e-05
Nx070_dt0p25h,70,0.25,747000,8.64583333333333,0.140353482644127,0.140293095461617,6.03871825100299e-05
Nx070_dt0p25h,70,0.25,747900,8.65625,0.140437934769639,0.140377583933871,6.03508357685245e-05
Nx070_dt0p25h,70,0.25,748800,8.66666666666667,0.140522336140556,0.140462021585977,6.03145545788886e-05
Nx070_dt0p25h,70,0.25,749700,8.67708333333333,0.140606686848276,0.140546408509532,6.02783387442241e-05
Nx070_dt0p25h,70,0.25,750600,8.6875,0.140690986983923,0.140630744795855,6.02421880688264e-05
Nx070_dt0p25h,70,0.25,751500,8.69791666666667,0.14077523663835,0.140715030535993,6.02061023570744e-05
Nx070_dt0p25h,70,0.25,752400,8.70833333333333,0.140859435902136,0.140799265820721,6.01700814150119e-05
Nx070_dt0p25h,70,0.25,753300,8.71875,0.140943584865591,0.140883450740542,6.01341250489607e-05
Nx070_dt0p25h,70,0.25,754200,8.72916666666667,0.141027683618754,0.140967585385688,6.00982330661859e-05
Nx070_dt0p25h,70,0.25,755100,8.73958333333333,0.141111732251398,0.141051669846123,6.00624052750909e-05
Nx070_dt0p25h,70,0.25,756000,8.75,0.141195730853028,0.141135704211544,6.00266414839401e-05
Nx070_dt0p25h,70,0.25,756900,8.76041666666667,0.141279679512881,0.141219688571378,5.99909415029132e-05
Nx070_dt0p25h,70,0.25,757800,8.77083333333333,0.141363578319931,0.141303623014789,5.99553051424118e-05
Nx070_dt0p25h,70,0.25,758700,8.78125,0.141447427362888,0.141387507630675,5.99197322135314e-05
Nx070_dt0p25h,70,0.25,759600,8.79166666666667,0.141531226730199,0.141471342507671,5.98842225285057e-05
Nx070_dt0p25h,70,0.25,760500,8.80208333333333,0.141614976510049,0.141555127734149,5.98487758999844e-05
Nx070_dt0p25h,70,0.25,761400,8.8125,0.141698676790363,0.141638863398221,5.98133921416166e-05
Nx070_dt0p25h,70,0.25,762300,8.82291666666667,0.141782327658805,0.141722549587737,5.97780710679119e-05
Nx070_dt0p25h,70,0.25,763200,8.83333333333333,0.141865929202782,0.141806186390288,5.97428124939348e-05
Nx070_dt0p25h,70,0.25,764100,8.84375,0.141949481509443,0.141889773893208,5.97076162354437e-05
Nx070_dt0p25h,70,0.25,765000,8.85416666666667,0.142032984665682,0.141973312183573,5.9672482109252e-05
Nx070_dt0p25h,70,0.25,765900,8.86458333333333,0.142116438758135,0.142056801348203,5.96374099326447e-05
Nx070_dt0p25h,70,0.25,766800,8.875,0.142199843873187,0.142140241473663,5.96023995240724e-05
Nx070_dt0p25h,70,0.25,767700,8.88541666666667,0.142283200096967,0.142223632646265,5.95674507019028e-05
Nx070_dt0p25h,70,0.25,768600,8.89583333333333,0.142366507515354,0.142306974952067,5.95325632862798e-05
Nx070_dt0p25h,70,0.25,769500,8.90625,0.142449766213974,0.142390268476876,5.94977370975136e-05
Nx070_dt0p25h,70,0.25,770400,8.91666666666667,0.142532976278204,0.142473513306247,5.94629719563589e-05
Nx070_dt0p25h,70,0.25,771300,8.92708333333333,0.142616137793172,0.142556709525486,5.94282676852076e-05
Nx070_dt0p25h,70,0.25,772200,8.9375,0.142699250843757,0.142639857219651,5.93936241061743e-05
Nx070_dt0p25h,70,0.25,773100,8.94791666666667,0.142782315514593,0.14272295647355,5.93590410429279e-05
Nx070_dt0p25h,70,0.25,774000,8.95833333333333,0.142865331890066,0.142806007371747,5.93245183192759e-05
Nx070_dt0p25h,70,0.25,774900,8.96875,0.142948300054318,0.142889009998558,5.92900557600251e-05
Nx070_dt0p25h,70,0.25,775800,8.97916666666667,0.143031220091246,0.142971964438055,5.92556531905652e-05
Nx070_dt0p25h,70,0.25,776700,8.98958333333333,0.143114092084504,0.143054870774067,5.92213104372019e-05
Nx070_dt0p25h,70,0.25,777600,9,0.143196916117506,0.143137729090179,5.91870273266015e-05
Nx070_dt0p25h,70,0.25,778500,9.01041666666667,0.143279692273422,0.143220539469735,5.91528036864297e-05
Nx070_dt0p25h,70,0.25,779400,9.02083333333333,0.143362420635183,0.143303301995838,5.91186393449905e-05
Nx070_dt0p25h,70,0.25,780300,9.03125,0.143445101285483,0.143386016751352,5.90845341310597e-05
Nx070_dt0p25h,70,0.25,781200,9.04166666666667,0.143527734306774,0.1434686838189,5.90504878746345e-05
Nx070_dt0p25h,70,0.25,782100,9.05208333333333,0.143610319781274,0.143551303280868,5.90165004057119e-05
Nx070_dt0p25h,70,0.25,783000,9.0625,0.143692857790963,0.143633875219407,5.89825715553716e-05
Nx070_dt0p25h,70,0.25,783900,9.07291666666667,0.143775348417586,0.14371639971643,5.89487011553869e-05
Nx070_dt0p25h,70,0.25,784800,9.08333333333333,0.143857791742653,0.143798876853615,5.89148890380864e-05
Nx070_dt0p25h,70,0.25,785700,9.09375,0.143940187847443,0.143881306712407,5.88811350365481e-05
Nx070_dt0p25h,70,0.25,786600,9.10416666666667,0.144022536813,0.143963689374016,5.88474389842664e-05
Nx070_dt0p25h,70,0.25,787500,9.11458333333333,0.144104838720137,0.144046024919421,5.88138007160954e-05
Nx070_dt0p25h,70,0.25,788400,9.125,0.144187093649437,0.144128313429371,5.87802200665011e-05
Nx070_dt0p25h,70,0.25,789300,9.13541666666667,0.144269301681253,0.144210554984381,5.87466968715866e-05
Nx070_dt0p25h,70,0.25,790200,9.14583333333333,0.144351462895709,0.144292749664741,5.87132309675109e-05
Nx070_dt0p25h,70,0.25,791100,9.15625,0.144433577372701,0.144374897550509,5.86798221915708e-05
Nx070_dt0p25h,70,0.25,792000,9.16666666666667,0.144515645191898,0.144456998721517,5.86464703810907e-05
Nx070_dt0p25h,70,0.25,792900,9.17708333333333,0.144597666432744,0.14453905325737,5.86131753742003e-05
Nx070_dt0p25h,70,0.25,793800,9.1875,0.144679641174457,0.144621061237446,5.85799370103612e-05
Nx070_dt0p25h,70,0.25,794700,9.19791666666667,0.144761569496029,0.1447030227409,5.85467551287855e-05
Nx070_dt0p25h,70,0.25,795600,9.20833333333333,0.144843451476232,0.144784937846662,5.85136295697952e-05
Nx070_dt0p25h,70,0.25,796500,9.21875,0.144925287193613,0.144866806633439,5.848056017424e-05
Nx070_dt0p25h,70,0.25,797400,9.22916666666667,0.145007076726498,0.144948629179715,5.84475467835799e-05
Nx070_dt0p25h,70,0.25,798300,9.23958333333333,0.145088820152993,0.145030405563753,5.84145892401078e-05
Nx070_dt0p25h,70,0.25,799200,9.25,0.145170517550983,0.145112135863597,5.83816873859777e-05
Nx070_dt0p25h,70,0.25,800100,9.26041666666667,0.145252168998134,0.145193820157069,5.83488410651201e-05
Nx070_dt0p25h,70,0.25,801000,9.27083333333333,0.145333774571895,0.145275458521774,5.83160501212709e-05
Nx070_dt0p25h,70,0.25,801900,9.28125,0.145415334349496,0.145357051035098,5.82833143988049e-05
Nx070_dt0p25h,70,0.25,802800,9.29166666666667,0.145496848407952,0.145438597774209,5.82506337435396e-05
Nx070_dt0p25h,70,0.25,803700,9.30208333333333,0.145578316824062,0.145520098816062,5.82180080004047e-05
Nx070_dt0p25h,70,0.25,804600,9.3125,0.14565973967441,0.145601554237394,5.81854370163004e-05
Nx070_dt0p25h,70,0.25,805500,9.32291666666667,0.145741117035365,0.145682964114727,5.81529206383213e-05
Nx070_dt0p25h,70,0.25,806400,9.33333333333333,0.145822448983086,0.145764328524372,5.81204587138673e-05
Nx070_dt0p25h,70,0.25,807300,9.34375,0.145903735593516,0.145845647542425,5.80880510908377e-05
Nx070_dt0p25h,70,0.25,808200,9.35416666666667,0.145984976942389,0.14592692124477,5.80556976186031e-05
Nx070_dt0p25h,70,0.25,809100,9.36458333333333,0.146066173105228,0.146008149707082,5.80233981460898e-05
Nx070_dt0p25h,70,0.25,810000,9.375,0.146147324157345,0.146089333004822,5.79911525233345e-05
Nx070_dt0p25h,70,0.25,810900,9.38541666666667,0.146228430173845,0.146170471213244,5.79589606011233e-05
Nx070_dt0p25h,70,0.25,811800,9.39583333333333,0.146309491229623,0.146251564407393,5.79268222301033e-05
Nx070_dt0p25h,70,0.25,812700,9.40625,0.146390507399369,0.146332612662106,5.78947372622818e-05
Nx070_dt0p25h,70,0.25,813600,9.41666666666667,0.146471478757562,0.146413616052012,5.78627055501102e-05
Nx070_dt0p25h,70,0.25,814500,9.42708333333333,0.146552405378481,0.146494574651535,5.78307269459566e-05
Nx070_dt0p25h,70,0.25,815400,9.4375,0.146633287336195,0.146575488534892,5.77988013035491e-05
Nx070_dt0p25h,70,0.25,816300,9.44791666666667,0.146714124704573,0.146656357776096,5.77669284767546e-05
Nx070_dt0p25h,70,0.25,817200,9.45833333333333,0.146794917557276,0.146737182448956,5.77351083200506e-05
Nx070_dt0p25h,70,0.25,818100,9.46875,0.146875665967767,0.146817962627078,5.77033406888028e-05
Nx070_dt0p25h,70,0.25,819000,9.47916666666667,0.146956370009305,0.146898698383867,5.76716254384047e-05
Nx070_dt0p25h,70,0.25,819900,9.48958333333333,0.147037029754947,0.146979389792522,5.76399624250545e-05
Nx070_dt0p25h,70,0.25,820800,9.5,0.147117645277552,0.147060036926046,5.76083515055059e-05
Nx070_dt0p25h,70,0.25,821700,9.51041666666667,0.147198216649777,0.14714063985724,5.7576792537567e-05
Nx070_dt0p25h,70,0.25,822600,9.52083333333333,0.147278743944083,0.147221198658705,5.75452853782132e-05
Nx070_dt0p25h,70,0.25,823500,9.53125,0.147359227232731,0.147301713402844,5.75138298866962e-05
Nx070_dt0p25h,70,0.25,824400,9.54166666666667,0.147439666587785,0.147382184161864,5.74824259213791e-05
Nx070_dt0p25h,70,0.25,825300,9.55208333333333,0.147520062081114,0.147462611007772,5.74510733420408e-05
Nx070_dt0p25h,70,0.25,826200,9.5625,0.147600413784388,0.14754299401238,5.74197720083769e-05
Nx070_dt0p25h,70,0.25,827100,9.57291666666667,0.147680721769087,0.147623333247305,5.73885217812764e-05
Nx070_dt0p25h,70,0.25,828000,9.58333333333333,0.147760986106491,0.14770362878397,5.73573225217394e-05
Nx070_dt0p25h,70,0.25,828900,9.59375,0.147841206867692,0.147783880693601,5.73261740914044e-05
Nx070_dt0p25h,70,0.25,829800,9.60416666666667,0.147921384123585,0.147864089047233,5.72950763521873e-05
Nx070_dt0p25h,70,0.25,830700,9.61458333333333,0.148001517944876,0.147944253915709,5.72640291670312e-05
Nx070_dt0p25h,70,0.25,831600,9.625,0.148081608402077,0.148024375369678,5.72330323989068e-05
Nx070_dt0p25h,70,0.25,832500,9.63541666666667,0.148161655565512,0.1481044534796,5.72020859114786e-05
Nx070_dt0p25h,70,0.25,833400,9.64583333333333,0.148241659505312,0.148184488315743,5.71711895691607e-05
Nx070_dt0p25h,70,0.25,834300,9.65625,0.148321620291423,0.148264479948186,5.71403432366446e-05
Nx070_dt0p25h,70,0.25,835200,9.66666666666667,0.148401537993599,0.14834442844682,5.71095467788718e-05
Nx070_dt0p25h,70,0.25,836100,9.67708333333333,0.148481412681408,0.148424333881346,5.70788000617828e-05
Nx070_dt0p25h,70,0.25,837000,9.6875,0.14856124442423,0.148504196321278,5.70481029517345e-05
Nx070_dt0p25h,70,0.25,837900,9.69791666666667,0.14864103329126,0.148584015835944,5.70174553154723e-05
Nx070_dt0p25h,70,0.25,838800,9.70833333333333,0.148720779351506,0.148663792494486,5.69868570201859e-05
Nx070_dt0p25h,70,0.25,839700,9.71875,0.148800482673792,0.148743526365859,5.69563079335367e-05
Nx070_dt0p25h,70,0.25,840600,9.72916666666667,0.148880143326758,0.148823217518834,5.69258079237966e-05
Nx070_dt0p25h,70,0.25,841500,9.73958333333333,0.148959761378859,0.148902866021999,5.68953568595987e-05
Nx070_dt0p25h,70,0.25,842400,9.75,0.149039336898369,0.148982471943758,5.68649546104916e-05
Nx070_dt0p25h,70,0.25,843300,9.76041666666667,0.149118869953378,0.149062035352332,5.68346010459131e-05
Nx070_dt0p25h,70,0.25,844200,9.77083333333333,0.149198360611797,0.149141556315761,5.68042960361337e-05
Nx070_dt0p25h,70,0.25,845100,9.78125,0.149277808941353,0.149221034901901,5.67740394520067e-05
Nx070_dt0p25h,70,0.25,846000,9.79166666666667,0.149357215009595,0.14930047117843,5.67438311646074e-05
Nx070_dt0p25h,70,0.25,846900,9.80208333333333,0.149436578883893,0.149379865212847,5.67136710453164e-05
Nx070_dt0p25h,70,0.25,847800,9.8125,0.149515900631436,0.149459217072469,5.66835589664583e-05
Nx070_dt0p25h,70,0.25,848700,9.82291666666667,0.149595180319236,0.149538526824436,5.66534948008013e-05
Nx070_dt0p25h,70,0.25,849600,9.83333333333333,0.149674418014129,0.149617794535708,5.66234784212249e-05
Nx070_dt0p25h,70,0.25,850500,9.84375,0.149753613782772,0.149697020273071,5.65935097011638e-05
Nx070_dt0p25h,70,0.25,851400,9.85416666666667,0.149832767691647,0.149776204103132,5.6563588515135e-05
Nx070_dt0p25h,70,0.25,852300,9.86458333333333,0.14991187980706,0.149855346092323,5.65337147370171e-05
Nx070_dt0p25h,70,0.25,853200,9.875,0.149990950195142,0.1499344463069,5.6503888242021e-05
Nx070_dt0p25h,70,0.25,854100,9.88541666666667,0.15006997892185,0.150013504812944,5.64741089056353e-05
Nx070_dt0p25h,70,0.25,855000,9.89583333333333,0.150148966052968,0.150092521676365,5.64443766033484e-05
Nx070_dt0p25h,70,0.25,855900,9.90625,0.150227911654106,0.150171496962894,5.64146912120367e-05
Nx070_dt0p25h,70,0.25,856800,9.91666666666667,0.150306815790703,0.150250430738095,5.63850526079657e-05
Nx070_dt0p25h,70,0.25,857700,9.92708333333333,0.150385678528025,0.150329323067356,5.63554606684558e-05
Nx070_dt0p25h,70,0.25,858600,9.9375,0.150464499931168,0.150408174015896,5.63259152715212e-05
Nx070_dt0p25h,70,0.25,859500,9.94791666666667,0.150543280065056,0.150486983648761,5.62964162950375e-05
Nx070_dt0p25h,70,0.25,860400,9.95833333333333,0.150622018994445,0.150565752030828,5.62669636176016e-05
Nx070_dt0p25h,70,0.25,861300,9.96875,0.150700716783922,0.150644479226804,5.62375571181994e-05
Nx070_dt0p25h,70,0.25,862200,9.97916666666667,0.150779373497904,0.150723165301228,5.62081966761496e-05
Nx070_dt0p25h,70,0.25,863100,9.98958333333333,0.15085798920064,0.150801810318468,5.61788821717979e-05
Nx070_dt0p25h,70,0.25,864000,10,0.150936563956213,0.150880414342728,5.61496134849349e-05
Nx070_dt0p25h,70,0.25,864900,10.0104166666667,0.151015097828539,0.150958977438042,5.61203904967389e-05
Nx070_dt0p25h,70,0.25,865800,10.0208333333333,0.151093590881367,0.151037499668279,5.60912130882774e-05
Nx070_dt0p25h,70,0.25,866700,10.03125,0.151172043178281,0.15111598109714,5.60620811410062e-05
Nx070_dt0p25h,70,0.25,867600,10.0416666666667,0.151250454782701,0.151194421788163,5.60329945373528e-05
Nx070_dt0p25h,70,0.25,868500,10.0520833333333,0.15132882575788,0.151272821804721,5.60039531595224e-05
Nx070_dt0p25h,70,0.25,869400,10.0625,0.151407156166911,0.15135118121002,5.59749568906087e-05
Nx070_dt0p25h,70,0.25,870300,10.0729166666667,0.151485446072721,0.151429500067107,5.59460056137329e-05
Nx070_dt0p25h,70,0.25,871200,10.0833333333333,0.151563695538075,0.151507778438863,5.59170992129043e-05
Nx070_dt0p25h,70,0.25,872100,10.09375,0.151641904625578,0.151586016388006,5.58882375721881e-05
Nx070_dt0p25h,70,0.25,873000,10.1041666666667,0.151720073397672,0.151664213977096,5.58594205760654e-05
Nx070_dt0p25h,70,0.25,873900,10.1145833333333,0.151798201916637,0.151742371268527,5.58306481099613e-05
Nx070_dt0p25h,70,0.25,874800,10.125,0.151876290244595,0.151820488324536,5.58019200589122e-05
Nx070_dt0p25h,70,0.25,875700,10.1354166666667,0.151954338443508,0.151898565207199,5.57732363089536e-05
Nx070_dt0p25h,70,0.25,876600,10.1458333333333,0.152032346575179,0.151976601978432,5.57445967462877e-05
Nx070_dt0p25h,70,0.25,877500,10.15625,0.15211031470125,0.152054598699992,5.57160012576163e-05
Nx070_dt0p25h,70,0.25,878400,10.1666666666667,0.152188242883209,0.152132555433479,5.56874497298354e-05
Nx070_dt0p25h,70,0.25,879300,10.1770833333333,0.152266131182384,0.152210472240333,5.56589420506459e-05
Nx070_dt0p25h,70,0.25,880200,10.1875,0.152343979659948,0.15228834918184,5.56304781077765e-05
Nx070_dt0p25h,70,0.25,881100,10.1979166666667,0.152421788376915,0.152366186319126,5.56020577898164e-05
Nx070_dt0p25h,70,0.25,882000,10.2083333333333,0.152499557394147,0.152443983713162,5.55736809849106e-05
Nx070_dt0p25h,70,0.25,882900,10.21875,0.152577286772349,0.152521741424766,5.55453475826473e-05
Nx070_dt0p25h,70,0.25,883800,10.2291666666667,0.15265497657207,0.152599459514598,5.55170574722263e-05
Nx070_dt0p25h,70,0.25,884700,10.2395833333333,0.152732626853708,0.152677138043165,5.54888105434859e-05
Nx070_dt0p25h,70,0.25,885600,10.25,0.152810237677506,0.152754777070819,5.54606066867636e-05
Nx070_dt0p25h,70,0.25,886500,10.2604166666667,0.152887809103553,0.152832376657761,5.54324457926747e-05
Nx070_dt0p25h,70,0.25,887400,10.2708333333333,0.152965341191788,0.152909936864036,5.54043277524729e-05
Nx070_dt0p25h,70,0.25,888300,10.28125,0.153042834001997,0.152987457749539,5.53762524572732e-05
Nx070_dt0p25h,70,0.25,889200,10.2916666666667,0.153120287593813,0.153064939374014,5.53482197989952e-05
Nx070_dt0p25h,70,0.25,890100,10.3020833333333,0.153197702026722,0.153142381797052,5.53202296698363e-05
Nx070_dt0p25h,70,0.25,891000,10.3125,0.153275077360057,0.153219785078095,5.52922819623825e-05
Nx070_dt0p25h,70,0.25,891900,10.3229166666667,0.153352413653002,0.153297149276432,5.52643765696359e-05
Nx070_dt0p25h,70,0.25,892800,10.3333333333333,0.153429710964591,0.153374474451206,5.52365133847654e-05
Nx070_dt0p25h,70,0.25,893700,10.34375,0.153506969353712,0.15345176066141,5.52086923016892e-05
Nx070_dt0p25h,70,0.25,894600,10.3541666666667,0.153584188879102,0.153529007965887,5.51809132142422e-05
Nx070_dt0p25h,70,0.25,895500,10.3645833333333,0.153661369599351,0.153606216423334,5.51531760170088e-05
Nx070_dt0p25h,70,0.25,896400,10.375,0.153738511572904,0.153683386092299,5.51254806048229e-05
Nx070_dt0p25h,70,0.25,897300,10.3854166666667,0.153815614858057,0.153760517031184,5.50978268728797e-05
Nx070_dt0p25h,70,0.25,898200,10.3958333333333,0.153892679512961,0.153837609298245,5.50702147168181e-05
Nx070_dt0p25h,70,0.25,899100,10.40625,0.153969705595622,0.15391466295159,5.50426440323881e-05
Nx070_dt0p25h,70,0.25,900000,10.4166666666667,0.1540466931639,0.153991678049184,5.50151147159783e-05
Nx070_dt0p25h,70,0.25,900900,10.4270833333333,0.15412364227551,0.154068654648846,5.49876266640603e-05
Nx070_dt0p25h,70,0.25,901800,10.4375,0.154200552988024,0.15414559280825,5.49601797739385e-05
Nx070_dt0p25h,70,0.25,902700,10.4479166666667,0.154277425358871,0.154222492584928,5.49327739430283e-05
Nx070_dt0p25h,70,0.25,903600,10.4583333333333,0.154354259445337,0.154299354036268,5.4905409068523e-05
Nx070_dt0p25h,70,0.25,904500,10.46875,0.154431055304563,0.154376177219514,5.48780850489483e-05
Nx070_dt0p25h,70,0.25,905400,10.4791666666667,0.154507812993551,0.154452962191768,5.48508017827742e-05
Nx070_dt0p25h,70,0.25,906300,10.4895833333333,0.15458453256916,0.154529709009991,5.48235591687762e-05
Nx070_dt0p25h,70,0.25,907200,10.5,0.154661214088108,0.154606417731002,5.4796357106035e-05
Nx070_dt0p25h,70,0.25,908100,10.5104166666667,0.154737857606974,0.15468308841148,5.47691954938812e-05
Nx070_dt0p25h,70,0.25,909000,10.5208333333333,0.154814463182193,0.154759721107961,5.47420742324223e-05
Nx070_dt0p25h,70,0.25,909900,10.53125,0.154891030870066,0.154836315876844,5.47149932215441e-05
Nx070_dt0p25h,70,0.25,910800,10.5416666666667,0.15496756072675,0.154912872774388,5.4687952362048e-05
Nx070_dt0p25h,70,0.25,911700,10.5520833333333,0.155044052808267,0.154989391856712,5.46609515548746e-05
Nx070_dt0p25h,70,0.25,912600,10.5625,0.155120507170498,0.155065873179797,5.46339907010196e-05
Nx070_dt0p25h,70,0.25,913500,10.5729166666667,0.155196923869189,0.155142316799487,5.46070697022005e-05
Nx070_dt0p25h,70,0.25,914400,10.5833333333333,0.155273302959946,0.155218722771486,5.45801884602737e-05
Nx070_dt0p25h,70,0.25,915300,10.59375,0.15534964449824,0.155295091151363,5.45533468775394e-05
Nx070_dt0p25h,70,0.25,916200,10.6041666666667,0.155425948539407,0.155371421994551,5.45265448563259e-05
Nx070_dt0p25h,70,0.25,917100,10.6145833333333,0.155502215138644,0.155447715356345,5.44997822997384e-05
Nx070_dt0p25h,70,0.25,918000,10.625,0.155578444351016,0.155523971291905,5.4473059111132e-05
Nx070_dt0p25h,70,0.25,918900,10.6354166666667,0.155654636231451,0.155600189856257,5.4446375193723e-05
Nx070_dt0p25h,70,0.25,919800,10.6458333333333,0.155730790834743,0.155676371104291,5.44197304520322e-05
Nx070_dt0p25h,70,0.25,920700,10.65625,0.155806908215553,0.155752515090763,5.43931247894702e-05
Nx070_dt0p25h,70,0.25,921600,10.6666666666667,0.155882988428407,0.155828621870296,5.43665581113628e-05
Nx070_dt0p25h,70,0.25,922500,10.6770833333333,0.1559590315277,0.155904691497378,5.4340030322203e-05
Nx070_dt0p25h,70,0.25,923400,10.6875,0.156035037567693,0.155980724026366,5.43135413273166e-05
Nx070_dt0p25h,70,0.25,924300,10.6979166666667,0.156111006602515,0.156056719511483,5.4287091032057e-05
Nx070_dt0p25h,70,0.25,925200,10.7083333333333,0.156186938686165,0.156132678006822,5.42606793426104e-05
Nx070_dt0p25h,70,0.25,926100,10.71875,0.156262833872507,0.156208599566342,5.42343061649408e-05
Nx070_dt0p25h,70,0.25,927000,10.7291666666667,0.156338692215279,0.156284484243873,5.42079714054844e-05
Nx070_dt0p25h,70,0.25,927900,10.7395833333333,0.156414513768085,0.156360332093114,5.41816749712598e-05
Nx070_dt0p25h,70,0.25,928800,10.75,0.156490298584401,0.156436143167632,5.41554167692304e-05
Nx070_dt0p25h,70,0.25,929700,10.7604166666667,0.156566046717574,0.156511917520867,5.41291967068591e-05
Nx070_dt0p25h,70,0.25,930600,10.7708333333333,0.15664175822082,0.156587655206128,5.41030146920529e-05
Nx070_dt0p25h,70,0.25,931500,10.78125,0.156717433147228,0.156663356276595,5.40768706326633e-05
Nx070_dt0p25h,70,0.25,932400,10.7916666666667,0.156793071549758,0.156739020785321,5.40507644373467e-05
Nx070_dt0p25h,70,0.25,933300,10.8020833333333,0.156868673481244,0.156814648785229,5.40246960145374e-05
Nx070_dt0p25h,70,0.25,934200,10.8125,0.15694423899439,0.156890240329117,5.39986652732805e-05
Nx070_dt0p25h,70,0.25,935100,10.8229166666667,0.157019768141776,0.156965795469653,5.39726721231204e-05
Nx070_dt0p25h,70,0.25,936000,10.8333333333333,0.157095260975853,0.15704131425938,5.3946716473352e-05
Nx070_dt0p25h,70,0.25,936900,10.84375,0.157170717548949,0.157116796750715,5.39207982340473e-05
Nx070_dt0p25h,70,0.25,937800,10.8541666666667,0.157246137913264,0.157192242995949,5.38949173152781e-05
Nx070_dt0p25h,70,0.25,938700,10.8645833333333,0.157321522120874,0.157267653047246,5.38690736277825e-05
Nx070_dt0p25h,70,0.25,939600,10.875,0.157396870223729,0.157343026956647,5.38432670823263e-05
Nx070_dt0p25h,70,0.25,940500,10.8854166666667,0.157472182273657,0.157418364776067,5.38174975900085e-05
Nx070_dt0p25h,70,0.25,941400,10.8958333333333,0.15754745832236,0.157493666557298,5.37917650620945e-05
Nx070_dt0p25h,70,0.25,942300,10.90625,0.157622698421417,0.157568932352007,5.3766069410377e-05
Nx070_dt0p25h,70,0.25,943200,10.9166666666667,0.157697902622285,0.157644162211738,5.37404105469541e-05
Nx070_dt0p25h,70,0.25,944100,10.9270833333333,0.157773070976298,0.157719356187914,5.37147883842015e-05
Nx070_dt0p25h,70,0.25,945000,10.9375,0.157848203534667,0.157794514331833,5.36892028344671e-05
Nx070_dt0p25h,70,0.25,945900,10.9479166666667,0.157923300348482,0.157869636694671,5.36636538108204e-05
Nx070_dt0p25h,70,0.25,946800,10.9583333333333,0.15799836146871,0.157944723327484,5.36381412262477e-05
Nx070_dt0p25h,70,0.25,947700,10.96875,0.158073386946199,0.158019774281205,5.36126649944013e-05
Nx070_dt0p25h,70,0.25,948600,10.9791666666667,0.158148376831676,0.158094789606647,5.35872250290725e-05
Nx070_dt0p25h,70,0.25,949500,10.9895833333333,0.158223331175747,0.158169769354503,5.35618212440248e-05
Nx070_dt0p25h,70,0.25,950400,11,0.158298250028899,0.158244713575345,5.35364535537708e-05
Nx070_dt0p25h,70,0.25,951300,11.0104166666667,0.158373133441498,0.158319622319625,5.35111218730178e-05
Nx070_dt0p25h,70,0.25,952200,11.0208333333333,0.158447981463793,0.158394495637677,5.34858261163618e-05
Nx070_dt0p25h,70,0.25,953100,11.03125,0.158522794145913,0.158469333579714,5.34605661991761e-05
Nx070_dt0p25h,70,0.25,954000,11.0416666666667,0.158597571537871,0.158544136195834,5.34353420368061e-05
Nx070_dt0p25h,70,0.25,954900,11.0520833333333,0.158672313689558,0.158618903536013,5.34101535451525e-05
Nx070_dt0p25h,70,0.25,955800,11.0625,0.158747020650751,0.158693635650111,5.33850006399217e-05
Nx070_dt0p25h,70,0.25,956700,11.0729166666667,0.158821692471109,0.158768332587872,5.33598832376525e-05
Nx070_dt0p25h,70,0.25,957600,11.0833333333333,0.158896329200175,0.15884299439892,5.33348012550505e-05
Nx070_dt0p25h,70,0.25,958500,11.09375,0.158970930887373,0.158917621132765,5.33097546083217e-05
Nx070_dt0p25h,70,0.25,959400,11.1041666666667,0.159045497582015,0.1589922128388,5.32847432152539e-05
Nx070_dt0p25h,70,0.25,960300,11.1145833333333,0.159120029333294,0.159066769566302,5.32597669928858e-05
Nx070_dt0p25h,70,0.25,961200,11.125,0.159194526190291,0.159141291364432,5.32348258590054e-05
Nx070_dt0p25h,70,0.25,962100,11.1354166666667,0.159268988201968,0.159215778282237,5.32099197312064e-05
Nx070_dt0p25h,70,0.25,963000,11.1458333333333,0.159343415417177,0.159290230368649,5.31850485282481e-05
Nx070_dt0p25h,70,0.25,963900,11.15625,0.159417807884654,0.159364647672486,5.31602121678354e-05
Nx070_dt0p25h,70,0.25,964800,11.1666666666667,0.159492165653021,0.159439030242452,5.31354105693382e-05
Nx070_dt0p25h,70,0.25,965700,11.1770833333333,0.159566488770787,0.159513378127135,5.31106436515438e-05
Nx070_dt0p25h,70,0.25,966600,11.1875,0.159640777286348,0.159587691375015,5.30859113335724e-05
Nx070_dt0p25h,70,0.25,967500,11.1979166666667,0.159715031247989,0.159661970034454,5.30612135350161e-05
Nx070_dt0p25h,70,0.25,968400,11.2083333333333,0.15978925070388,0.159736214153704,5.30365501757446e-05
Nx070_dt0p25h,70,0.25,969300,11.21875,0.159863435702081,0.159810423780905,5.3011921175572e-05
Nx070_dt0p25h,70,0.25,970200,11.2291666666667,0.15993758629054,0.159884598964085,5.29873264550063e-05
Nx070_dt0p25h,70,0.25,971100,11.2395833333333,0.160011702517095,0.15995873975116,5.29627659345555e-05
Nx070_dt0p25h,70,0.25,972000,11.25,0.160085784429472,0.160032846189937,5.29382395349776e-05
Nx070_dt0p25h,70,0.25,972900,11.2604166666667,0.160159832075286,0.160106918328109,5.29137471771968e-05
Nx070_dt0p25h,70,0.25,973800,11.2708333333333,0.160233845502044,0.160180956213261,5.28892887829979e-05
Nx070_dt0p25h,70,0.25,974700,11.28125,0.160307824757142,0.160254959892869,5.28648642733609e-05
Nx070_dt0p25h,70,0.25,975600,11.2916666666667,0.160381769887867,0.160328929414296,5.28404735706256e-05
Nx070_dt0p25h,70,0.25,976500,11.3020833333333,0.160455680941397,0.1604028648248,5.28161165966046e-05
Nx070_dt0p25h,70,0.25,977400,11.3125,0.160529557964801,0.160476766171528,5.27917932734712e-05
Nx070_dt0p25h,70,0.25,978300,11.3229166666667,0.160603401005041,0.160550633501517,5.27675035241759e-05
Nx070_dt0p25h,70,0.25,979200,11.3333333333333,0.16067721010897,0.160624466861698,5.27432472715028e-05
Nx070_dt0p25h,70,0.25,980100,11.34375,0.160750985323333,0.160698266298894,5.27190244382636e-05
Nx070_dt0p25h,70,0.25,981000,11.3541666666667,0.160824726694768,0.16077203185982,5.26948349481027e-05
Nx070_dt0p25h,70,0.25,981900,11.3645833333333,0.160898434269809,0.160845763591084,5.26706787243592e-05
Nx070_dt0p25h,70,0.25,982800,11.375,0.160972108094878,0.160919461539187,5.26465556908995e-05
Nx070_dt0p25h,70,0.25,983700,11.3854166666667,0.161045748216296,0.160993125750524,5.26224657717012e-05
Nx070_dt0p25h,70,0.25,984600,11.3958333333333,0.161119354680275,0.161066756271384,5.2598408891491e-05
Nx070_dt0p25h,70,0.25,985500,11.40625,0.161192927532923,0.161140353147949,5.25743849741911e-05
Nx070_dt0p25h,70,0.25,986400,11.4166666666667,0.161266466820242,0.161213916426297,5.25503939450833e-05
Nx070_dt0p25h,70,0.25,987300,11.4270833333333,0.16133997258813,0.161287446152401,5.25264357289779e-05
Nx070_dt0p25h,70,0.25,988200,11.4375,0.161413444882379,0.161360942372128,5.25025102512677e-05
Nx070_dt0p25h,70,0.25,989100,11.4479166666667,0.161486883748678,0.161434405131241,5.24786174372349e-05
Nx070_dt0p25h,70,0.25,990000,11.4583333333333,0.161560289232613,0.1615078344754,5.24547572127998e-05
Nx070_dt0p25h,70,0.25,990900,11.46875,0.161633661379664,0.16158123045016,5.24309295039382e-05
Nx070_dt0p25h,70,0.25,991800,11.4791666666667,0.16170700023521,0.161654593100973,5.24071342367649e-05
Nx070_dt0p25h,70,0.25,992700,11.4895833333333,0.161780305844527,0.161727922473189,5.23833713377553e-05
Nx070_dt0p25h,70,0.25,993600,11.5,0.161853578252786,0.161801218612052,5.23596407337734e-05
Nx070_dt0p25h,70,0.25,994500,11.5104166666667,0.16192681750506,0.161874481562708,5.23359423514336e-05
Nx070_dt0p25h,70,0.25,995400,11.5208333333333,0.162000023646316,0.161947711370197,5.23122761181827e-05
Nx070_dt0p25h,70,0.25,996300,11.53125,0.162073196721421,0.16202090807946,5.22886419611623e-05
Nx070_dt0p25h,70,0.25,997200,11.5416666666667,0.162146336775143,0.162094071735335,5.22650398081248e-05
Nx070_dt0p25h,70,0.25,998100,11.5520833333333,0.162219443852146,0.162167202382559,5.22414695866558e-05
Nx070_dt0p25h,70,0.25,999000,11.5625,0.162292517996993,0.162240300065768,5.22179312251181e-05
Nx070_dt0p25h,70,0.25,999900,11.5729166666667,0.16236555925415,0.162313364829499,5.21944246515693e-05
Nx070_dt0p25h,70,0.25,1000800,11.5833333333333,0.162438567667981,0.162386396718187,5.21709497947054e-05
Nx070_dt0p25h,70,0.25,1001700,11.59375,0.16251154328275,0.162459395776167,5.21475065833055e-05
Nx070_dt0p25h,70,0.25,1002600,11.6041666666667,0.162584486142623,0.162532362047677,5.21240949461488e-05
Nx070_dt0p25h,70,0.25,1003500,11.6145833333333,0.162657396291665,0.162605295576853,5.21007148123198e-05
Nx070_dt0p25h,70,0.25,1004400,11.625,0.162730273773844,0.162678196407733,5.20773661115415e-05
Nx070_dt0p25h,70,0.25,1005300,11.6354166666667,0.16280311863303,0.162751064584256,5.20540487733701e-05
Nx070_dt0p25h,70,0.25,1006200,11.6458333333333,0.162875930912992,0.162823900150265,5.2030762727362e-05
Nx070_dt0p25h,70,0.25,1007100,11.65625,0.162948710657405,0.162896703149501,5.20075079037396e-05
Nx070_dt0p25h,70,0.25,1008000,11.6666666666667,0.163021457909844,0.16296947362561,5.19842842331419e-05
Nx070_dt0p25h,70,0.25,1008900,11.6770833333333,0.163094172713787,0.163042211622141,5.19610916455693e-05
Nx070_dt0p25h,70,0.25,1009800,11.6875,0.163166855112615,0.163114917182543,5.19379300721878e-05
Nx070_dt0p25h,70,0.25,1010700,11.6979166666667,0.163239505149615,0.163187590350172,5.19147994434976e-05
Nx070_dt0p25h,70,0.25,1011600,11.7083333333333,0.163312122867975,0.163260231168284,5.18916996909147e-05
Nx070_dt0p25h,70,0.25,1012500,11.71875,0.163384708310787,0.163332839680042,5.18686307457161e-05
Nx070_dt0p25h,70,0.25,1013400,11.7291666666667,0.163457261521049,0.16340541592851,5.1845592539318e-05
Nx070_dt0p25h,70,0.25,1014300,11.7395833333333,0.163529782541663,0.163477959956659,5.18225850038856e-05
Nx070_dt0p25h,70,0.25,1015200,11.75,0.163602271415434,0.163550471807362,5.17996080712513e-05
Nx070_dt0p25h,70,0.25,1016100,11.7604166666667,0.163674728185074,0.163622951523401,5.17766616734971e-05
Nx070_dt0p25h,70,0.25,1017000,11.7708333333333,0.163747152893202,0.163695399147459,5.17537457433159e-05
Nx070_dt0p25h,70,0.25,1017900,11.78125,0.16381954558234,0.163767814722127,5.17308602132061e-05
Nx070_dt0p25h,70,0.25,1018800,11.7916666666667,0.163891906294918,0.163840198289902,5.17080050158603e-05
Nx070_dt0p25h,70,0.25,1019700,11.8020833333333,0.16396423507327,0.163912549893186,5.16851800844431e-05
Nx070_dt0p25h,70,0.25,1020600,11.8125,0.16403653195964,0.163984869574288,5.1662385352369e-05
Nx070_dt0p25h,70,0.25,1021500,11.8229166666667,0.164108796996176,0.164057157375423,5.16396207526637e-05
Nx070_dt0p25h,70,0.25,1022400,11.8333333333333,0.164181030224935,0.164129413338715,5.1616886219602e-05
Nx070_dt0p25h,70,0.25,1023300,11.84375,0.16425323168788,0.164201637506194,5.15941816865428e-05
Nx070_dt0p25h,70,0.25,1024200,11.8541666666667,0.164325401426884,0.164273829919796,5.15715070880107e-05
Nx070_dt0p25h,70,0.25,1025100,11.8645833333333,0.164397539483727,0.164345990621369,5.15488623577531e-05
Nx070_dt0p25h,70,0.25,1026000,11.875,0.164469645900096,0.164418119652665,5.15262474308498e-05
Nx070_dt0p25h,70,0.25,1026900,11.8854166666667,0.164541720717588,0.164490217055347,5.15036622413256e-05
Nx070_dt0p25h,70,0.25,1027800,11.8958333333333,0.16461376397771,0.164562282870985,5.14811067245102e-05
Nx070_dt0p25h,70,0.25,1028700,11.90625,0.164685775721876,0.164634317141061,5.14585808154e-05
Nx070_dt0p25h,70,0.25,1029600,11.9166666666667,0.164757755991411,0.164706319906962,5.14360844492134e-05
Nx070_dt0p25h,70,0.25,1030500,11.9270833333333,0.164829704827549,0.164778291209987,5.14136175614188e-05
Nx070_dt0p25h,70,0.25,1031400,11.9375,0.164901622271434,0.164850231091346,5.13911800877065e-05
Nx070_dt0p25h,70,0.25,1032300,11.9479166666667,0.164973508364122,0.164922139592158,5.13687719640721e-05
Nx070_dt0p25h,70,0.25,1033200,11.9583333333333,0.165045363146576,0.16499401675345,5.13463931262337e-05
Nx070_dt0p25h,70,0.25,1034100,11.96875,0.165117186659675,0.165065862616164,5.13240435108531e-05
Nx070_dt0p25h,70,0.25,1035000,11.9791666666667,0.165188978944204,0.165137677221149,5.13017230543977e-05
Nx070_dt0p25h,70,0.25,1035900,11.9895833333333,0.165260740040862,0.165209460609169,5.12794316930021e-05
Nx070_dt0p25h,70,0.25,1036800,12,0.165332469990259,0.165281212820895,5.12571693640496e-05
Nx070_dt0p25h,70,0.25,1037700,12.0104166666667,0.165404168832919,0.165352933896915,5.12349360041464e-05
Nx070_dt0p25h,70,0.25,1038600,12.0208333333333,0.165475836609275,0.165424623877724,5.12127315508704e-05
Nx070_dt0p25h,70,0.25,1039500,12.03125,0.165547473359674,0.165496282803733,5.11905559414105e-05
Nx070_dt0p25h,70,0.25,1040400,12.0416666666667,0.165619079124376,0.165567910715263,5.11684091136777e-05
Nx070_dt0p25h,70,0.25,1041300,12.0520833333333,0.165690653943554,0.165639507652549,5.11462910049443e-05
Nx070_dt0p25h,70,0.25,1042200,12.0625,0.165762197857293,0.16571107365574,5.11242015535929e-05
Nx070_dt0p25h,70,0.25,1043100,12.0729166666667,0.165833710905594,0.165782608764896,5.11021406977563e-05
Nx070_dt0p25h,70,0.25,1044000,12.0833333333333,0.165905193128368,0.165854113019993,5.10801083754842e-05
Nx070_dt0p25h,70,0.25,1044900,12.09375,0.165976644565445,0.165925586460919,5.10581045258807e-05
Nx070_dt0p25h,70,0.25,1045800,12.1041666666667,0.166048065256564,0.165997029127478,5.10361290868566e-05
Nx070_dt0p25h,70,0.25,1046700,12.1145833333333,0.166119455241384,0.166068441059386,5.10141819980159e-05
Nx070_dt0p25h,70,0.25,1047600,12.125,0.166190814559473,0.166139822296275,5.09922631982407e-05
Nx070_dt0p25h,70,0.25,1048500,12.1354166666667,0.166262143250319,0.166211172877693,5.09703726268296e-05
Nx070_dt0p25h,70,0.25,1049400,12.1458333333333,0.166333441353324,0.166282492843101,5.09485102231366e-05
Nx070_dt0p25h,70,0.25,1050300,12.15625,0.166404708907803,0.166353782231876,5.09266759267657e-05
Nx070_dt0p25h,70,0.25,1051200,12.1666666666667,0.16647594595299,0.166425041083313,5.09048696777925e-05
Nx070_dt0p25h,70,0.25,1052100,12.1770833333333,0.166547152528035,0.166496269436619,5.08830914158764e-05
Nx070_dt0p25h,70,0.25,1053000,12.1875,0.166618328672001,0.166567467330919,5.08613410815095e-05
Nx070_dt0p25h,70,0.25,1053900,12.1979166666667,0.166689474423871,0.166638634805256,5.0839618614823e-05
Nx070_dt0p25h,70,0.25,1054800,12.2083333333333,0.166760589822545,0.166709771898588,5.08179239563922e-05
Nx070_dt0p25h,70,0.25,1055700,12.21875,0.166831674906836,0.166780878649789,5.07962570469866e-05
Nx070_dt0p25h,70,0.25,1056600,12.2291666666667,0.16690272971548,0.166851955097653,5.07746178275981e-05
Nx070_dt0p25h,70,0.25,1057500,12.2395833333333,0.166973754287126,0.166923001280887,5.07530062391348e-05
Nx070_dt0p25h,70,0.25,1058400,12.25,0.167044748660344,0.166994017238121,5.07314222228383e-05
Nx070_dt0p25h,70,0.25,1059300,12.2604166666667,0.167115712873619,0.167065003007899,5.07098657201444e-05
Nx070_dt0p25h,70,0.25,1060200,12.2708333333333,0.167186646965357,0.167135958628684,5.06883366727662e-05
Nx070_dt0p25h,70,0.25,1061100,12.28125,0.167257550973881,0.167206884138859,5.06668350223893e-05
Nx070_dt0p25h,70,0.25,1062000,12.2916666666667,0.167328424937434,0.167277779576723,5.06453607108104e-05
Nx070_dt0p25h,70,0.25,1062900,12.3020833333333,0.167399268894177,0.167348644980497,5.06239136802145e-05
Nx070_dt0p25h,70,0.25,1063800,12.3125,0.167470082882191,0.167419480388318,5.06024938730643e-05
Nx070_dt0p25h,70,0.25,1064700,12.3229166666667,0.167540866939475,0.167490285838244,5.05811012316559e-05
Nx070_dt0p25h,70,0.25,1065600,12.3333333333333,0.167611621103951,0.167561061368252,5.05597356985632e-05
Nx070_dt0p25h,70,0.25,1066500,12.34375,0.167682345413457,0.16763180701624,5.05383972166373e-05
Nx070_dt0p25h,70,0.25,1067400,12.3541666666667,0.167753039905754,0.167702522820025,5.05170857288961e-05
Nx070_dt0p25h,70,0.25,1068300,12.3645833333333,0.167823704618522,0.167773208817344,5.04958011783851e-05
Nx070_dt0p25h,70,0.25,1069200,12.375,0.167894339589364,0.167843865045855,5.04745435084275e-05
Nx070_dt0p25h,70,0.25,1070100,12.3854166666667,0.1679649448558,0.167914491543138,5.04533126623463e-05
Nx070_dt0p25h,70,0.25,1071000,12.3958333333333,0.168035520455275,0.167985088346691,5.04321085839365e-05
Nx070_dt0p25h,70,0.25,1071900,12.40625,0.168106066425154,0.168055655493937,5.04109312171597e-05
Nx070_dt0p25h,70,0.25,1072800,12.4166666666667,0.168176582802722,0.168126193022217,5.03897805056719e-05
Nx070_dt0p25h,70,0.25,1073700,12.4270833333333,0.168247069625189,0.168196700968795,5.03686563936567e-05
Nx070_dt0p25h,70,0.25,1074600,12.4375,0.168317526929684,0.168267179370859,5.034755882527e-05
Nx070_dt0p25h,70,0.25,1075500,12.4479166666667,0.168387954753261,0.168337628265515,5.03264877453335e-05
Nx070_dt0p25h,70,0.25,1076400,12.4583333333333,0.168458353132894,0.168408047689796,5.03054430981142e-05
Nx070_dt0p25h,70,0.25,1077300,12.46875,0.168528722105482,0.168478437680653,5.02844248285728e-05
Nx070_dt0p25h,70,0.25,1078200,12.4791666666667,0.168599061707846,0.168548798274964,5.02634328816143e-05
Nx070_dt0p25h,70,0.25,1079100,12.4895833333333,0.168669371976729,0.168619129509527,5.02424672024215e-05
Nx070_dt0p25h,70,0.25,1080000,12.5,0.168739652948801,0.168689431421065,5.02215277360663e-05
Nx070_dt0p25h,70,0.25,1080900,12.5104166666667,0.168809904660651,0.168759704046223,5.02006144279532e-05
Nx070_dt0p25h,70,0.25,1081800,12.5208333333333,0.168880127148796,0.168829947421572,5.0179727223848e-05
Nx070_dt0p25h,70,0.25,1082700,12.53125,0.168950320449674,0.168900161583605,5.0158866069322e-05
Nx070_dt0p25h,70,0.25,1083600,12.5416666666667,0.16902048459965,0.168970346568739,5.01380309104182e-05
Nx070_dt0p25h,70,0.25,1084500,12.5520833333333,0.169090619635011,0.169040502413318,5.01172216930967e-05
Nx070_dt0p25h,70,0.25,1085400,12.5625,0.169160725591971,0.169110629153608,5.00964383635394e-05
Nx070_dt0p25h,70,0.25,1086300,12.5729166666667,0.169230802506668,0.1691807268258,5.00756808680947e-05
Nx070_dt0p25h,70,0.25,1087200,12.5833333333333,0.169300850415165,0.169250795466012,5.00549491533053e-05
Nx070_dt0p25h,70,0.25,1088100,12.59375,0.16937086935345,0.169320835110284,5.00342431658529e-05
Nx070_dt0p25h,70,0.25,1089000,12.6041666666667,0.169440859357438,0.169390845794586,5.001356285253e-05
Nx070_dt0p25h,70,0.25,1089900,12.6145833333333,0.16951082046297,0.169460827554809,4.99929081602402e-05
Nx070_dt0p25h,70,0.25,1090800,12.625,0.16958075270581,0.169530780426774,4.99722790363588e-05
Nx070_dt0p25h,70,0.25,1091700,12.6354166666667,0.169650656121652,0.169600704446224,4.99516754281226e-05
Nx070_dt0p25h,70,0.25,1092600,12.6458333333333,0.169720530746115,0.169670599648832,4.99310972826572e-05
Nx070_dt0p25h,70,0.25,1093500,12.65625,0.169790376614744,0.169740466070196,4.99105445479764e-05
Nx070_dt0p25h,70,0.25,1094400,12.6666666666667,0.169860193763012,0.169810303745841,4.98900171714278e-05
Nx070_dt0p25h,70,0.25,1095300,12.6770833333333,0.169929982226319,0.169880112711218,4.98695151012196e-05
Nx070_dt0p25h,70,0.25,1096200,12.6875,0.169999742039992,0.169949893001707,4.98490382851435e-05
Nx070_dt0p25h,70,0.25,1097100,12.6979166666667,0.170069473239285,0.170019644652613,4.98285866715187e-05
Nx070_dt0p25h,70,0.25,1098000,12.7083333333333,0.170139175859381,0.170089367699172,4.98081602086642e-05
Nx070_dt0p25h,70,0.25,1098900,12.71875,0.170208849935389,0.170159062176544,4.97877588449269e-05
Nx070_dt0p25h,70,0.25,1099800,12.7291666666667,0.17027849550235,0.17022872811982,4.97673825292921e-05
Nx070_dt0p25h,70,0.25,1100700,12.7395833333333,0.170348112595228,0.170298365564018,4.97470312101622e-05
Nx070_dt0p25h,70,0.25,1101600,12.75,0.170417701248921,0.170367974544084,4.97267048366612e-05
Nx070_dt0p25h,70,0.25,1102500,12.7604166666667,0.170487261498251,0.170437555094894,4.97064033578021e-05
Nx070_dt0p25h,70,0.25,1103400,12.7708333333333,0.170556793377973,0.17050710725125,4.96861267229587e-05
Nx070_dt0p25h,70,0.25,1104300,12.78125,0.170626296922768,0.170576631047887,4.9665874881033e-05
Nx070_dt0p25h,70,0.25,1105200,12.7916666666667,0.170695772167249,0.170646126519467,4.96456477819818e-05
Nx070_dt0p25h,70,0.25,1106100,12.8020833333333,0.170765219145956,0.170715593700581,4.96254453753731e-05
Nx070_dt0p25h,70,0.25,1107000,12.8125,0.170834637893362,0.170785032625751,4.96052676109415e-05
Nx070_dt0p25h,70,0.25,1107900,12.8229166666667,0.170904028443866,0.170854443329427,4.95851144384496e-05
Nx070_dt0p25h,70,0.25,1108800,12.8333333333333,0.1709733908318,0.170923825845992,4.9564985808298e-05
Nx070_dt0p25h,70,0.25,1109700,12.84375,0.171042725091427,0.170993180209756,4.95448816704436e-05
Nx070_dt0p25h,70,0.25,1110600,12.8541666666667,0.171112031256937,0.171062506454962,4.95248019754535e-05
Nx070_dt0p25h,70,0.25,1111500,12.8645833333333,0.171181309362456,0.171131804615782,4.95047466737009e-05
Nx070_dt0p25h,70,0.25,1112400,12.875,0.171250559442035,0.171201074726319,4.94847157156975e-05
Nx070_dt0p25h,70,0.25,1113300,12.8854166666667,0.171319781529661,0.171270316820608,4.94647090527878e-05
Nx070_dt0p25h,70,0.25,1114200,12.8958333333333,0.17138897565925,0.171339530932615,4.94447266351228e-05
Nx070_dt0p25h,70,0.25,1115100,12.90625,0.171458141864651,0.171408717096237,4.9424768414158e-05
Nx070_dt0p25h,70,0.25,1116000,12.9166666666667,0.171527280179643,0.171477875345302,4.94048343410991e-05
Nx070_dt0p25h,70,0.25,1116900,12.9270833333333,0.171596390637937,0.17154700571357,4.93849243672073e-05
Nx070_dt0p25h,70,0.25,1117800,12.9375,0.171665473273179,0.171616108234735,4.93650384441602e-05
Nx070_dt0p25h,70,0.25,1118700,12.9479166666667,0.171734528118944,0.171685182942421,4.93451765231079e-05
Nx070_dt0p25h,70,0.25,1119600,12.9583333333333,0.171803555208741,0.171754229870185,4.93253385563386e-05
Nx070_dt0p25h,70,0.25,1120500,12.96875,0.171872554576012,0.171823249051517,4.93055244953078e-05
Nx070_dt0p25h,70,0.25,1121400,12.9791666666667,0.171941526254131,0.171892240519839,4.92857342921094e-05
Nx070_dt0p25h,70,0.25,1122300,12.9895833333333,0.172010470276405,0.171961204308506,4.92659678991425e-05
Nx070_dt0p25h,70,0.25,1123200,13,0.172079386676076,0.172030140450807,4.92462252684733e-05
Nx070_dt0p25h,70,0.25,1124100,13.0104166666667,0.172148275486317,0.172099048979965,4.92265063523623e-05
Nx070_dt0p25h,70,0.25,1125000,13.0208333333333,0.172217136740237,0.172167929929133,4.92068111037636e-05
Nx070_dt0p25h,70,0.25,1125900,13.03125,0.172285970470876,0.172236783331401,4.9187139475132e-05
Nx070_dt0p25h,70,0.25,1126800,13.0416666666667,0.172354776711212,0.172305609219793,4.91674914191165e-05
Nx070_dt0p25h,70,0.25,1127700,13.0520833333333,0.172423555494153,0.172374407627264,4.91478668890877e-05
Nx070_dt0p25h,70,0.25,1128600,13.0625,0.172492306852545,0.172443178586707,4.91282658378334e-05
Nx070_dt0p25h,70,0.25,1129500,13.0729166666667,0.172561030819165,0.172511922130947,4.91086882184189e-05
Nx070_dt0p25h,70,0.25,1130400,13.0833333333333,0.172629727426728,0.172580638292744,4.90891339845478e-05
Nx070_dt0p25h,70,0.25,1131300,13.09375,0.172698396707882,0.172649327104793,4.90696030895355e-05
Nx070_dt0p25h,70,0.25,1132200,13.1041666666667,0.172767038695211,0.172717988599725,4.90500954868911e-05
Nx070_dt0p25h,70,0.25,1133100,13.1145833333333,0.172835653421234,0.172786622810104,4.9030611130596e-05
Nx070_dt0p25h,70,0.25,1134000,13.125,0.172904240918405,0.172855229768431,4.90111499741319e-05
Nx070_dt0p25h,70,0.25,1134900,13.1354166666667,0.172972801219115,0.172923809507143,4.89917119716743e-05
Nx070_dt0p25h,70,0.25,1135800,13.1458333333333,0.173041334355688,0.172992362058611,4.89722970772877e-05
Nx070_dt0p25h,70,0.25,1136700,13.15625,0.173109840360388,0.173060887455143,4.89529052454529e-05
Nx070_dt0p25h,70,0.25,1137600,13.1666666666667,0.173178319265412,0.173129385728982,4.89335364301791e-05
Nx070_dt0p25h,70,0.25,1138500,13.1770833333333,0.173246771102895,0.173197856912309,4.8914190586169e-05
Nx070_dt0p25h,70,0.25,1139400,13.1875,0.173315195904907,0.173266301037239,4.88948676679868e-05
Nx070_dt0p25h,70,0.25,1140300,13.1979166666667,0.173383593703457,0.173334718135827,4.88755676304187e-05
Nx070_dt0p25h,70,0.25,1141200,13.2083333333333,0.173451964530489,0.173403108240061,4.88562904280565e-05
Nx070_dt0p25h,70,0.25,1142100,13.21875,0.173520308417885,0.173471471381868,4.88370360164636e-05
Nx070_dt0p25h,70,0.25,1143000,13.2291666666667,0.173588625397463,0.173539807593113,4.88178043502041e-05
Nx070_dt0p25h,70,0.25,1143900,13.2395833333333,0.17365691550098,0.173608116905595,4.87985953849246e-05
Nx070_dt0p25h,70,0.25,1144800,13.25,0.17372517876013,0.173676399351055,4.87794090754667e-05
Nx070_dt0p25h,70,0.25,1145700,13.2604166666667,0.173793415206545,0.173744654961167,4.87602453778102e-05
Nx070_dt0p25h,70,0.25,1146600,13.2708333333333,0.173861624871793,0.173812883767546,4.8741104247324e-05
Nx070_dt0p25h,70,0.25,1147500,13.28125,0.173929807787383,0.173881085801743,4.87219856399879e-05
Nx070_dt0p25h,70,0.25,1148400,13.2916666666667,0.173997963984761,0.173949261095249,4.87028895112263e-05
Nx070_dt0p25h,70,0.25,1149300,13.3020833333333,0.17406609349531,0.174017409679493,4.86838158174629e-05
Nx070_dt0p25h,70,0.25,1150200,13.3125,0.174134196350355,0.17408553158584,4.86647645144278e-05
Nx070_dt0p25h,70,0.25,1151100,13.3229166666667,0.174202272581156,0.174153626845597,4.86457355585168e-05
Nx070_dt0p25h,70,0.25,1152000,13.3333333333333,0.174270322218914,0.174221695490008,4.86267289059594e-05
Nx070_dt0p25h,70,0.25,1152900,13.34375,0.174338345294769,0.174289737550256,4.86077445134847e-05
Nx070_dt0p25h,70,0.25,1153800,13.3541666666667,0.1744063418398,0.174357753057463,4.85887823372666e-05
Nx070_dt0p25h,70,0.25,1154700,13.3645833333333,0.174474311885026,0.174425742042691,4.85698423342007e-05
Nx070_dt0p25h,70,0.25,1155600,13.375,0.174542255461404,0.174493704536943,4.85509244609883e-05
Nx070_dt0p25h,70,0.25,1156500,13.3854166666667,0.174610172599832,0.174561640571157,4.85320286748303e-05
Nx070_dt0p25h,70,0.25,1157400,13.3958333333333,0.174678063331148,0.174629550176216,4.8513154932317e-05
Nx070_dt0p25h,70,0.25,1158300,13.40625,0.17474592768613,0.174697433382939,4.84943031910934e-05
Nx070_dt0p25h,70,0.25,1159200,13.4166666666667,0.174813765695496,0.174765290222088,4.84754734079718e-05
Nx070_dt0p25h,70,0.25,1160100,13.4270833333333,0.174881577389905,0.174833120724364,4.84566655407637e-05
Nx070_dt0p25h,70,0.25,1161000,13.4375,0.174949362799955,0.174900924920408,4.843787954667e-05
Nx070_dt0p25h,70,0.25,1161900,13.4479166666667,0.175017121956186,0.174968702840802,4.84191153834468e-05
Nx070_dt0p25h,70,0.25,1162800,13.4583333333333,0.175084854889079,0.17503645451607,4.84003730087945e-05
Nx070_dt0p25h,70,0.25,1163700,13.46875,0.175152561629056,0.175104179976675,4.83816523805525e-05
Nx070_dt0p25h,70,0.25,1164600,13.4791666666667,0.17522024220648,0.175171879253023,4.83629534565322e-05
Nx070_dt0p25h,70,0.25,1165500,13.4895833333333,0.175287896651655,0.175239552375459,4.83442761953778e-05
Nx070_dt0p25h,70,0.25,1166400,13.5,0.175355524994827,0.175307199374272,4.83256205545124e-05
Nx070_dt0p25h,70,0.25,1167300,13.5104166666667,0.175423127266183,0.175374820279691,4.83069864926355e-05
Nx070_dt0p25h,70,0.25,1168200,13.5208333333333,0.175490703495854,0.175442415121886,4.82883739681972e-05
Nx070_dt0p25h,70,0.25,1169100,13.53125,0.17555825371391,0.175509983930971,4.8269782939675e-05
Nx070_dt0p25h,70,0.25,1170000,13.5416666666667,0.175625777950365,0.175577526737,4.82512133656021e-05
Nx070_dt0p25h,70,0.25,1170900,13.5520833333333,0.175693276235176,0.175645043569971,4.82326652047615e-05
Nx070_dt0p25h,70,0.25,1171800,13.5625,0.17576074859824,0.175712534459823,4.82141384162416e-05
Nx070_dt0p25h,70,0.25,1172700,13.5729166666667,0.175828195069398,0.175779999436439,4.81956329586308e-05
Nx070_dt0p25h,70,0.25,1173600,13.5833333333333,0.175895615678434,0.175847438529643,4.8177148791323e-05
Nx070_dt0p25h,70,0.25,1174500,13.59375,0.175963010455076,0.175914851769202,4.81586858735172e-05
Nx070_dt0p25h,70,0.25,1175400,13.6041666666667,0.176030379428992,0.175982239184828,4.81402441641909e-05
Nx070_dt0p25h,70,0.25,1176300,13.6145833333333,0.176097722629797,0.176049600806174,4.8121823623043e-05
Nx070_dt0p25h,70,0.25,1177200,13.625,0.176165040087045,0.176116936662836,4.81034242095502e-05
Nx070_dt0p25h,70,0.25,1178100,13.6354166666667,0.176232331830239,0.176184246784355,4.80850458832172e-05
Nx070_dt0p25h,70,0.25,1179000,13.6458333333333,0.17629959788882,0.176251531200216,4.80666886038816e-05
Nx070_dt0p25h,70,0.25,1179900,13.65625,0.176366838292177,0.176318789939846,4.80483523313258e-05
Nx070_dt0p25h,70,0.25,1180800,13.6666666666667,0.176434053069641,0.176386023032616,4.8030037025526e-05
Nx070_dt0p25h,70,0.25,1181700,13.6770833333333,0.176501242250488,0.176453230507842,4.80117426465421e-05
Nx070_dt0p25h,70,0.25,1182600,13.6875,0.176568405863938,0.176520412394783,4.79934691544337e-05
Nx070_dt0p25h,70,0.25,1183500,13.6979166666667,0.176635543939155,0.176587568722645,4.79752165098157e-05
Nx070_dt0p25h,70,0.25,1184400,13.7083333333333,0.176702656505248,0.176654699520576,4.79569846725536e-05
Nx070_dt0p25h,70,0.25,1185300,13.71875,0.176769743591272,0.176721804817668,4.79387736034287e-05
Nx070_dt0p25h,70,0.25,1186200,13.7291666666667,0.176836805226224,0.176788884642961,4.79205832629448e-05
Nx070_dt0p25h,70,0.25,1187100,13.7395833333333,0.176903841439048,0.176855939025436,4.79024136118278e-05
Nx070_dt0p25h,70,0.25,1188000,13.75,0.176970852258634,0.176922967994023,4.78842646108313e-05
Nx070_dt0p25h,70,0.25,1188900,13.7604166666667,0.177037837713814,0.176989971577594,4.78661362207367e-05
Nx070_dt0p25h,70,0.25,1189800,13.7708333333333,0.17710479783337,0.177056949804967,4.78480284031024e-05
Nx070_dt0p25h,70,0.25,1190700,13.78125,0.177171732646025,0.177123902704907,4.78299411181549e-05
Nx070_dt0p25h,70,0.25,1191600,13.7916666666667,0.177238642180452,0.177190830306124,4.78118743277023e-05
Nx070_dt0p25h,70,0.25,1192500,13.8020833333333,0.177305526465267,0.177257732637274,4.77938279930257e-05
Nx070_dt0p25h,70,0.25,1193400,13.8125,0.177372385529032,0.177324609726957,4.77758020751007e-05
Nx070_dt0p25h,70,0.25,1194300,13.8229166666667,0.177439219400257,0.177391461603721,4.77577965358744e-05
Nx070_dt0p25h,70,0.25,1195200,13.8333333333333,0.177506028107397,0.17745828829606,4.77398113367944e-05
Nx070_dt0p25h,70,0.25,1196100,13.84375,0.177572811678855,0.177525089832415,4.77218464396967e-05
Nx070_dt0p25h,70,0.25,1197000,13.8541666666667,0.177639570142978,0.177591866241172,4.77039018061953e-05
Nx070_dt0p25h,70,0.25,1197900,13.8645833333333,0.177706303528062,0.177658617550663,4.76859773982652e-05
Nx070_dt0p25h,70,0.25,1198800,13.875,0.177773011862348,0.17772534378917,4.76680731779922e-05
Nx070_dt0p25h,70,0.25,1199700,13.8854166666667,0.177839695174027,0.177792044984919,4.76501891075454e-05
Nx070_dt0p25h,70,0.25,1200600,13.8958333333333,0.177906353491234,0.177858721166085,4.76323251488719e-05
Nx070_dt0p25h,70,0.25,1201500,13.90625,0.177972986842053,0.177925372360788,4.76144812646406e-05
Nx070_dt0p25h,70,0.25,1202400,13.9166666666667,0.178039595254514,0.177991998597098,4.75966574167708e-05
Nx070_dt0p25h,70,0.25,1203300,13.9270833333333,0.178106178756598,0.178058599903029,4.75788535683752e-05
Nx070_dt0p25h,70,0.25,1204200,13.9375,0.178172737376229,0.178125176306547,4.75610696815676e-05
Nx070_dt0p25h,70,0.25,1205100,13.9479166666667,0.178239271141281,0.178191727835562,4.75433057191554e-05
Nx070_dt0p25h,70,0.25,1206000,13.9583333333333,0.178305780079578,0.178258254517934,4.75255616441961e-05
Nx070_dt0p25h,70,0.25,1206900,13.96875,0.17837226421889,0.17832475638147,4.75078374193028e-05
Nx070_dt0p25h,70,0.25,1207800,13.9791666666667,0.178438723586934,0.178391233453926,4.74901330076716e-05
Nx070_dt0p25h,70,0.25,1208700,13.9895833333333,0.178505158211378,0.178457685763005,4.74724483721656e-05
Nx070_dt0p25h,70,0.25,1209600,14,0.178571568119837,0.17852411333636,4.74547834762862e-05
Nx070_dt0p25h,70,0.25,1210500,14.0104166666667,0.178637953339875,0.178590516201592,4.74371382829242e-05
Nx070_dt0p25h,70,0.25,1211400,14.0208333333333,0.178704313899006,0.17865689438625,4.74195127558308e-05
Nx070_dt0p25h,70,0.25,1212300,14.03125,0.17877064982469,0.178723247917832,4.74019068581744e-05
Nx070_dt0p25h,70,0.25,1213200,14.0416666666667,0.17883696114434,0.178789576823786,4.73843205536784e-05
Nx070_dt0p25h,70,0.25,1214100,14.0520833333333,0.178903247885314,0.178855881131508,4.73667538060385e-05
Nx070_dt0p25h,70,0.25,1215000,14.0625,0.178969510074923,0.178922160868344,4.73492065789782e-05
Nx070_dt0p25h,70,0.25,1215900,14.0729166666667,0.179035747740425,0.178988416061589,4.73316788362488e-05
Nx070_dt0p25h,70,0.25,1216800,14.0833333333333,0.179101960909029,0.179054646738487,4.73141705418234e-05
Nx070_dt0p25h,70,0.25,1217700,14.09375,0.179168149607892,0.179120852926232,4.72966816599252e-05
Nx070_dt0p25h,70,0.25,1218600,14.1041666666667,0.179234313864124,0.179187034651969,4.72792121544718e-05
Nx070_dt0p25h,70,0.25,1219500,14.1145833333333,0.179300453704781,0.179253191942791,4.7261761989742e-05
Nx070_dt0p25h,70,0.25,1220400,14.125,0.179366569156871,0.179319324825741,4.72443311300974e-05
Nx070_dt0p25h,70,0.25,1221300,14.1354166666667,0.179432660247354,0.179385433327815,4.72269195397612e-05
Nx070_dt0p25h,70,0.25,1222200,14.1458333333333,0.179498727003138,0.179451517475955,4.72095271834283e-05
Nx070_dt0p25h,70,0.25,1223100,14.15625,0.179564769451082,0.179517577297056,4.71921540257936e-05
Nx070_dt0p25h,70,0.25,1224000,14.1666666666667,0.179630787617995,0.179583612817964,4.71748000312189e-05
Nx070_dt0p25h,70,0.25,1224900,14.1770833333333,0.179696781530639,0.179649624065474,4.71574651647044e-05
Nx070_dt0p25h,70,0.25,1225800,14.1875,0.179762751215724,0.179715611066333,4.71401493909174e-05
Nx070_dt0p25h,70,0.25,1226700,14.1979166666667,0.179828696699913,0.179781573847238,4.71228526749967e-05
Nx070_dt0p25h,70,0.25,1227600,14.2083333333333,0.179894618009819,0.179847512434837,4.71055749819982e-05
Nx070_dt0p25h,70,0.25,1228500,14.21875,0.179960515172008,0.179913426855731,4.70883162767832e-05
Nx070_dt0p25h,70,0.25,1229400,14.2291666666667,0.180026388212995,0.17997931713647,4.70710765247961e-05
Nx070_dt0p25h,70,0.25,1230300,14.2395833333333,0.180092237159248,0.180045183303556,4.70538556914812e-05
Nx070_dt0p25h,70,0.25,1231200,14.25,0.180158062037185,0.180111025383444,4.70366537417277e-05
Nx070_dt0p25h,70,0.25,1232100,14.2604166666667,0.180223862873179,0.180176843402538,4.70194706415905e-05
Nx070_dt0p25h,70,0.25,1233000,14.2708333333333,0.180289639693552,0.180242637387196,4.70023063563474e-05
Nx070_dt0p25h,70,0.25,1233900,14.28125,0.180355392524579,0.180308407363727,4.6985160851748e-05
Nx070_dt0p25h,70,0.25,1234800,14.2916666666667,0.180421121392486,0.180374153358393,4.69680340934864e-05
Nx070_dt0p25h,70,0.25,1235700,14.3020833333333,0.180486826323453,0.180439875397406,4.695092604734e-05
Nx070_dt0p25h,70,0.25,1236600,14.3125,0.180552507343612,0.180505573506932,4.69338366792527e-05
Nx070_dt0p25h,70,0.25,1237500,14.3229166666667,0.180618164479045,0.18057124771309,4.69167659554182e-05
Nx070_dt0p25h,70,0.25,1238400,14.3333333333333,0.180683797755791,0.180636898041949,4.68997138416971e-05
Nx070_dt0p25h,70,0.25,1239300,14.34375,0.180749407199838,0.180702524519534,4.68826803044775e-05
Nx070_dt0p25h,70,0.25,1240200,14.3541666666667,0.180814992837128,0.180768127171818,4.68656653098143e-05
Nx070_dt0p25h,70,0.25,1241100,14.3645833333333,0.180880554693557,0.180833706024733,4.68486688243175e-05
Nx070_dt0p25h,70,0.25,1242000,14.375,0.180946092794973,0.180899261104158,4.6831690814042e-05
Nx070_dt0p25h,70,0.25,1242900,14.3854166666667,0.181011607167176,0.18096479243593,4.681473124582e-05
Nx070_dt0p25h,70,0.25,1243800,14.3958333333333,0.181077097835922,0.181030300045836,4.67977900862337e-05
Nx070_dt0p25h,70,0.25,1244700,14.40625,0.181142564826919,0.181095783959617,4.6780867301921e-05
Nx070_dt0p25h,70,0.25,1245600,14.4166666666667,0.181208008165829,0.181161244202969,4.67639628595473e-05
Nx070_dt0p25h,70,0.25,1246500,14.4270833333333,0.181273427878266,0.18122668080154,4.67470767260558e-05
Nx070_dt0p25h,70,0.25,1247400,14.4375,0.1813388239898,0.181292093780932,4.67302088685562e-05
Nx070_dt0p25h,70,0.25,1248300,14.4479166666667,0.181404196525955,0.181357483166701,4.67133592538249e-05
Nx070_dt0p25h,70,0.25,1249200,14.4583333333333,0.181469545512206,0.181422848984357,4.66965278491382e-05
Nx070_dt0p25h,70,0.25,1250100,14.46875,0.181534870973985,0.181488191259364,4.6679714621467e-05
Nx070_dt0p25h,70,0.25,1251000,14.4791666666667,0.181600172936678,0.18155351001714,4.66629195384483e-05
Nx070_dt0p25h,70,0.25,1251900,14.4895833333333,0.181665451425625,0.181618805283058,4.66461425671361e-05
Nx070_dt0p25h,70,0.25,1252800,14.5,0.181730706466119,0.181684077082444,4.66293836750842e-05
Nx070_dt0p25h,70,0.25,1253700,14.5104166666667,0.181795938083409,0.181749325440579,4.66126428297631e-05
Nx070_dt0p25h,70,0.25,1254600,14.5208333333333,0.1818611463027,0.181814550382701,4.65959199988375e-05
Nx070_dt0p25h,70,0.25,1255500,14.53125,0.181926331149148,0.181879751933998,4.65792151499722e-05
Nx070_dt0p25h,70,0.25,1256400,14.5416666666667,0.181991492647869,0.181944930119618,4.65625282507764e-05
Nx070_dt0p25h,70,0.25,1257300,14.5520833333333,0.182056630823929,0.18201008496466,4.65458592693035e-05
Nx070_dt0p25h,70,0.25,1258200,14.5625,0.182121745702353,0.18207521649418,4.65292081733293e-05
Nx070_dt0p25h,70,0.25,1259100,14.5729166666667,0.182186837308119,0.182140324733188,4.65125749310735e-05
Nx070_dt0p25h,70,0.25,1260000,14.5833333333333,0.182251905666162,0.182205409706652,4.64959595104231e-05
Nx070_dt0p25h,70,0.25,1260900,14.59375,0.182316950801371,0.182270471439491,4.64793618795145e-05
Nx070_dt0p25h,70,0.25,1261800,14.6041666666667,0.182381972738591,0.182335509956584,4.64627820067343e-05
Nx070_dt0p25h,70,0.25,1262700,14.6145833333333,0.182446971502623,0.182400525282763,4.64462198602189e-05
Nx070_dt0p25h,70,0.25,1263600,14.625,0.182511947118224,0.182465517442816,4.64296754086602e-05
Nx070_dt0p25h,70,0.25,1264500,14.6354166666667,0.182576899610107,0.182530486461487,4.64131486203057e-05
Nx070_dt0p25h,70,0.25,1265400,14.6458333333333,0.182641829002941,0.182595432363477,4.63966394637638e-05
Nx070_dt0p25h,70,0.25,1266300,14.65625,0.18270673532135,0.182660355173442,4.63801479076986e-05
Nx070_dt0p25h,70,0.25,1267200,14.6666666666667,0.182771618589915,0.182725254915994,4.63636739208295e-05
Nx070_dt0p25h,70,0.25,1268100,14.6770833333333,0.182836478833175,0.182790131615703,4.63472174719315e-05
Nx070_dt0p25h,70,0.25,1269000,14.6875,0.182901316075623,0.182854985297093,4.6330778529835e-05
Nx070_dt0p25h,70,0.25,1269900,14.6979166666667,0.182966130341709,0.182919815984646,4.63143570633429e-05
Nx070_dt0p25h,70,0.25,1270800,14.7083333333333,0.183030921655842,0.1829846237028,4.62979530417851e-05
Nx070_dt0p25h,70,0.25,1271700,14.71875,0.183095690042385,0.183049408475951,4.62815664340477e-05
Nx070_dt0p25h,70,0.25,1272600,14.7291666666667,0.183160435525659,0.18311417032845,4.6265197209433e-05
Nx070_dt0p25h,70,0.25,1273500,14.7395833333333,0.183225158129943,0.183178909284606,4.62488453372711e-05
Nx070_dt0p25h,70,0.25,1274400,14.75,0.183289857879471,0.183243625368684,4.62325107866146e-05
Nx070_dt0p25h,70,0.25,1275300,14.7604166666667,0.183354534798435,0.183308318604908,4.62161935269878e-05
Nx070_dt0p25h,70,0.25,1276200,14.7708333333333,0.183419188910986,0.183372989017459,4.61998935278596e-05
Nx070_dt0p25h,70,0.25,1277100,14.78125,0.183483820241231,0.183437636630472,4.61836107588653e-05
Nx070_dt0p25h,70,0.25,1278000,14.7916666666667,0.183548428813234,0.183502261468045,4.61673451895572e-05
Nx070_dt0p25h,70,0.25,1278900,14.8020833333333,0.183613014651018,0.183566863554228,4.61510967897094e-05
Nx070_dt0p25h,70,0.25,1279800,14.8125,0.183677577778562,0.183631442913033,4.61348655289018e-05
Nx070_dt0p25h,70,0.25,1280700,14.8229166666667,0.183742118219805,0.183695999568428,4.61186513774081e-05
Nx070_dt0p25h,70,0.25,1281600,14.8333333333333,0.183806635998643,0.183760533544338,4.61024543045863e-05
Nx070_dt0p25h,70,0.25,1282500,14.84375,0.183871131138929,0.183825044864648,4.60862742808765e-05
Nx070_dt0p25h,70,0.25,1283400,14.8541666666667,0.183935603664476,0.1838895335532,4.60701112761641e-05
Nx070_dt0p25h,70,0.25,1284300,14.8645833333333,0.184000053599054,0.183953999633793,4.60539652606395e-05
Nx070_dt0p25h,70,0.25,1285200,14.875,0.184064480966391,0.184018443130187,4.60378362043545e-05
Nx070_dt0p25h,70,0.25,1286100,14.8854166666667,0.184128885790176,0.184082864066098,4.60217240778049e-05
Nx070_dt0p25h,70,0.25,1287000,14.8958333333333,0.184193268094054,0.184147262465202,4.60056288514588e-05
Nx070_dt0p25h,70,0.25,1287900,14.90625,0.184257627901628,0.184211638351133,4.59895504954233e-05
Nx070_dt0p25h,70,0.25,1288800,14.9166666666667,0.184321965236464,0.184275991747483,4.59734889804442e-05
Nx070_dt0p25h,70,0.25,1289700,14.9270833333333,0.184386280122082,0.184340322677805,4.59574442769339e-05
Nx070_dt0p25h,70,0.25,1290600,14.9375,0.184450572581963,0.184404631165608,4.5941416355777e-05
Nx070_dt0p25h,70,0.25,1291500,14.9479166666667,0.184514842639549,0.184468917234361,4.59254051875246e-05
Nx070_dt0p25h,70,0.25,1292400,14.9583333333333,0.184579090318238,0.184533180907495,4.59094107429781e-05
Nx070_dt0p25h,70,0.25,1293300,14.96875,0.184643315641389,0.184597422208396,4.58934329930494e-05
Nx070_dt0p25h,70,0.25,1294200,14.9791666666667,0.184707518632319,0.184661641160411,4.58774719084565e-05
Nx070_dt0p25h,70,0.25,1295100,14.9895833333333,0.184771699314307,0.184725837786847,4.58615274606944e-05
Nx070_dt0p25h,70,0.25,1296000,15,0.18483585771059,0.184790012110969,4.58455996203977e-05
Nx070_dt0p25h,70,0.25,1296900,15.0104166666667,0.184899993844363,0.184854164156004,4.58296883587006e-05
Nx070_dt0p25h,70,0.25,1297800,15.0208333333333,0.184964107738784,0.184918293945137,4.58137936470981e-05
Nx070_dt0p25h,70,0.25,1298700,15.03125,0.185028199416969,0.184982401501512,4.57979154570021e-05
Nx070_dt0p25h,70,0.25,1299600,15.0416666666667,0.185092268901994,0.185046486848235,4.578205375938e-05
Nx070_dt0p25h,70,0.25,1300500,15.0520833333333,0.185156316216896,0.18511055000837,4.57662085255328e-05
Nx070_dt0p25h,70,0.25,1301400,15.0625,0.18522034138467,0.185174591004943,4.57503797273995e-05
Nx070_dt0p25h,70,0.25,1302300,15.0729166666667,0.185284344428275,0.185238609860938,4.57345673363918e-05
Nx070_dt0p25h,70,0.25,1303200,15.0833333333333,0.185348325370626,0.185302606599302,4.57187713240326e-05
Nx070_dt0p25h,70,0.25,1304100,15.09375,0.185412284234601,0.185366581242939,4.57029916620943e-05
Nx070_dt0p25h,70,0.25,1305000,15.1041666666667,0.185476221043039,0.185430533814717,4.56872283224052e-05
Nx070_dt0p25h,70,0.25,1305900,15.1145833333333,0.185540135818739,0.185494464337462,4.56714812767933e-05
Nx070_dt0p25h,70,0.25,1306800,15.125,0.185604028584458,0.185558372833961,4.56557504969757e-05
Nx070_dt0p25h,70,0.25,1307700,15.1354166666667,0.185667899362919,0.185622259326964,4.56400359550024e-05
Nx070_dt0p25h,70,0.25,1308600,15.1458333333333,0.185731748176802,0.185686123839179,4.56243376230625e-05
Nx070_dt0p25h,70,0.25,1309500,15.15625,0.185795575048749,0.185749966393276,4.56086554730672e-05
Nx070_dt0p25h,70,0.25,1310400,15.1666666666667,0.185859380001364,0.185813787011886,4.55929894773721e-05
Nx070_dt0p25h,70,0.25,1311300,15.1770833333333,0.18592316305721,0.185877585717602,4.55773396080272e-05
Nx070_dt0p25h,70,0.25,1312200,15.1875,0.185986924238814,0.185941362532977,4.55617058373881e-05
Nx070_dt0p25h,70,0.25,1313100,15.1979166666667,0.186050663568664,0.186005117480526,4.5546088137921e-05
Nx070_dt0p25h,70,0.25,1314000,15.2083333333333,0.186114381069206,0.186068850582724,4.55304864820094e-05
Nx070_dt0p25h,70,0.25,1314900,15.21875,0.186178076762853,0.186132561862011,4.55149008420919e-05
Nx070_dt0p25h,70,0.25,1315800,15.2291666666667,0.186241750671975,0.186196251340784,4.54993311908569e-05
Nx070_dt0p25h,70,0.25,1316700,15.2395833333333,0.186305402818907,0.186259919041406,4.54837775008821e-05
Nx070_dt0p25h,70,0.25,1317600,15.25,0.186369033225943,0.186323564986198,4.54682397448558e-05
Nx070_dt0p25h,70,0.25,1318500,15.2604166666667,0.186432641915341,0.186387189197445,4.54527178954112e-05
Nx070_dt0p25h,70,0.25,1319400,15.2708333333333,0.18649622890932,0.186450791697394,4.5437211925653e-05
Nx070_dt0p25h,70,0.25,1320300,15.28125,0.186559794230062,0.186514372508254,4.54217218081865e-05
Nx070_dt0p25h,70,0.25,1321200,15.2916666666667,0.186623337899712,0.186577931652196,4.54062475160333e-05
Nx070_dt0p25h,70,0.25,1322100,15.3020833333333,0.186686859940373,0.186641469151351,4.53907890224925e-05
Nx070_dt0p25h,70,0.25,1323000,15.3125,0.186750360374116,0.186704985027816,4.53753463004469e-05
Nx070_dt0p25h,70,0.25,1323900,15.3229166666667,0.186813839222971,0.186768479303648,4.53599193228071e-05
Nx070_dt0p25h,70,0.25,1324800,15.3333333333333,0.186877296508931,0.186831952000868,4.53445080632331e-05
Nx070_dt0p25h,70,0.25,1325700,15.34375,0.186940732253953,0.186895403141458,4.53291124946353e-05
Nx070_dt0p25h,70,0.25,1326600,15.3541666666667,0.187004146479955,0.186958832747364,4.53137325905906e-05
Nx070_dt0p25h,70,0.25,1327500,15.3645833333333,0.187067539208819,0.187022240840494,4.52983683244812e-05
Nx070_dt0p25h,70,0.25,1328400,15.375,0.187130910462389,0.18708562744272,4.52830196694676e-05
Nx070_dt0p25h,70,0.25,1329300,15.3854166666667,0.187194260262474,0.187148992575874,4.52676865995427e-05
Nx070_dt0p25h,70,0.25,1330200,15.3958333333333,0.187257588630843,0.187212336261755,4.52523690879225e-05
Nx070_dt0p25h,70,0.25,1331100,15.40625,0.187320895589231,0.187275658522122,4.52370671084334e-05
Nx070_dt0p25h,70,0.25,1332000,15.4166666666667,0.187384181159334,0.187338959378699,4.52217806348743e-05
Nx070_dt0p25h,70,0.25,1332900,15.4270833333333,0.187447445362814,0.187402238853173,4.52065096407939e-05
Nx070_dt0p25h,70,0.25,1333800,15.4375,0.187510688221294,0.187465496967194,4.51912541001576e-05
Nx070_dt0p25h,70,0.25,1334700,15.4479166666667,0.187573909756361,0.187528733742374,4.51760139869029e-05
Nx070_dt0p25h,70,0.25,1335600,15.4583333333333,0.187637109989567,0.187591949200292,4.51607892748007e-05
Nx070_dt0p25h,70,0.25,1336500,15.46875,0.187700288942426,0.187655143362488,4.51455799380385e-05
Nx070_dt0p25h,70,0.25,1337400,15.4791666666667,0.187763446636416,0.187718316250465,4.51303859508312e-05
Nx070_dt0p25h,70,0.25,1338300,15.4895833333333,0.187826583092981,0.187781467885694,4.51152072871441e-05
Nx070_dt0p25h,70,0.25,1339200,15.5,0.187889698333526,0.187844598289605,4.51000439208871e-05
Nx070_dt0p25h,70,0.25,1340100,15.5104166666667,0.187952792379422,0.187907707483595,4.50848958269134e-05
Nx070_dt0p25h,70,0.25,1341000,15.5208333333333,0.188015865252003,0.187970795489024,4.50697629791608e-05
Nx070_dt0p25h,70,0.25,1341900,15.53125,0.188078916972569,0.188033862327216,4.50546453522604e-05
Nx070_dt0p25h,70,0.25,1342800,15.5416666666667,0.188141947562381,0.18809690801946,4.50395429204276e-05
Nx070_dt0p25h,70,0.25,1343700,15.5520833333333,0.188204957042667,0.188159932587009,4.50244556581825e-05
Nx070_dt0p25h,70,0.25,1344600,15.5625,0.18826794543462,0.188222936051079,4.50093835402399e-05
Nx070_dt0p25h,70,0.25,1345500,15.5729166666667,0.188330912759395,0.188285918432853,4.49943265410646e-05
Nx070_dt0p25h,70,0.25,1346400,15.5833333333333,0.188393859038113,0.188348879753477,4.49792846355379e-05
Nx070_dt0p25h,70,0.25,1347300,15.59375,0.18845678429186,0.188411820034062,4.49642577982079e-05
Nx070_dt0p25h,70,0.25,1348200,15.6041666666667,0.188519688541687,0.188474739295683,4.49492460040113e-05
Nx070_dt0p25h,70,0.25,1349100,15.6145833333333,0.188582571808609,0.188537637559381,4.49342492275795e-05
Nx070_dt0p25h,70,0.25,1350000,15.625,0.188645434113605,0.188600514846161,4.4919267444099e-05
Nx070_dt0p25h,70,0.25,1350900,15.6354166666667,0.188708275477623,0.188663371176994,4.49043006284788e-05
Nx070_dt0p25h,70,0.25,1351800,15.6458333333333,0.188771095921571,0.188726206572815,4.48893487555169e-05
Nx070_dt0p25h,70,0.25,1352700,15.65625,0.188833895466325,0.188789021054524,4.48744118007049e-05
Nx070_dt0p25h,70,0.25,1353600,15.6666666666667,0.188896674132727,0.188851814642988,4.48594897390353e-05
Nx070_dt0p25h,70,0.25,1354500,15.6770833333333,0.188959431941582,0.188914587359036,4.48445825453891e-05
Nx070_dt0p25h,70,0.25,1355400,15.6875,0.189022168913662,0.188977339223467,4.48296901954803e-05
Nx070_dt0p25h,70,0.25,1356300,15.6979166666667,0.189084885069705,0.18904007025704,4.48148126643566e-05
Nx070_dt0p25h,70,0.25,1357200,15.7083333333333,0.189147580430413,0.189102780480485,4.47999499277318e-05
Nx070_dt0p25h,70,0.25,1358100,15.71875,0.189210255016454,0.189165469914494,4.47851019604872e-05
Nx070_dt0p25h,70,0.25,1359000,15.7291666666667,0.189272908848463,0.189228138579725,4.4770268738642e-05
Nx070_dt0p25h,70,0.25,1359900,15.7395833333333,0.189335541947041,0.189290786496803,4.47554502373826e-05
Nx070_dt0p25h,70,0.25,1360800,15.75,0.189398154332752,0.189353413686319,4.47406464326172e-05
Nx070_dt0p25h,70,0.25,1361700,15.7604166666667,0.189460746026128,0.189416020168829,4.47258572997822e-05
Nx070_dt0p25h,70,0.25,1362600,15.7708333333333,0.189523317047669,0.189478605964855,4.47110828144526e-05
Nx070_dt0p25h,70,0.25,1363500,15.78125,0.189585867417838,0.189541171094885,4.46963229528974e-05
Nx070_dt0p25h,70,0.25,1364400,15.7916666666667,0.189648397157065,0.189603715579374,4.46815776905252e-05
Nx070_dt0p25h,70,0.25,1365300,15.8020833333333,0.189710906285747,0.189666239438743,4.46668470032996e-05
Nx070_dt0p25h,70,0.25,1366200,15.8125,0.189773394824247,0.18972874269338,4.46521308672398e-05
Nx070_dt0p25h,70,0.25,1367100,15.8229166666667,0.189835862792895,0.189791225363637,4.46374292582818e-05
Nx070_dt0p25h,70,0.25,1368000,15.8333333333333,0.189898310211987,0.189853687469834,4.46227421525835e-05
Nx070_dt0p25h,70,0.25,1368900,15.84375,0.189960737101785,0.189916129032259,4.46080695260254e-05
Nx070_dt0p25h,70,0.25,1369800,15.8541666666667,0.190023143482519,0.189978550071164,4.45934113550706e-05
Nx070_dt0p25h,70,0.25,1370700,15.8645833333333,0.190085529374385,0.190040950606769,4.45787676157383e-05
Nx070_dt0p25h,70,0.25,1371600,15.875,0.190147894797546,0.190103330659262,4.45641382842421e-05
Nx070_dt0p25h,70,0.25,1372500,15.8854166666667,0.190210239772132,0.190165690248795,4.45495233369064e-05
Nx070_dt0p25h,70,0.25,1373400,15.8958333333333,0.190272564318239,0.190228029395489,4.45349227502778e-05
Nx070_dt0p25h,70,0.25,1374300,15.90625,0.190334868455933,0.190290348119432,4.4520336500653e-05
Nx070_dt0p25h,70,0.25,1375200,15.9166666666667,0.190397152205243,0.190352646440678,4.45057645645508e-05
Nx070_dt0p25h,70,0.25,1376100,15.9270833333333,0.190459415586168,0.19041492437925,4.44912069185455e-05
Nx070_dt0p25h,70,0.25,1377000,15.9375,0.190521658618674,0.190477181955135,4.44766635392391e-05
Nx070_dt0p25h,70,0.25,1377900,15.9479166666667,0.190583881322694,0.190539419188291,4.44621344030394e-05
Nx070_dt0p25h,70,0.25,1378800,15.9583333333333,0.190646083718129,0.190601636098642,4.44476194869647e-05
Nx070_dt0p25h,70,0.25,1379700,15.96875,0.190708265824845,0.190663832706078,4.44331187675895e-05
Nx070_dt0p25h,70,0.25,1380600,15.9791666666667,0.190770427662679,0.190726009030457,4.44186322218487e-05
Nx070_dt0p25h,70,0.25,1381500,15.9895833333333,0.190832569251434,0.190788165091608,4.44041598264e-05
Nx070_dt0p25h,70,0.25,1382400,16,0.190894690610882,0.190850300909323,4.43897015581785e-05
Nx070_dt0p25h,70,0.25,1383300,16.0104166666667,0.190956791760759,0.190912416503365,4.43752573942857e-05
Nx070_dt0p25h,70,0.25,1384200,16.0208333333333,0.191018872720774,0.190974511893463,4.43608273117402e-05
Nx070_dt0p25h,70,0.25,1385100,16.03125,0.191080933510601,0.191036587099314,4.43464112874492e-05
Nx070_dt0p25h,70,0.25,1386000,16.0416666666667,0.191142974149883,0.191098642140584,4.43320092985977e-05
Nx070_dt0p25h,70,0.25,1386900,16.0520833333333,0.19120499465823,0.191160677036907,4.43176213223706e-05
Nx070_dt0p25h,70,0.25,1387800,16.0625,0.191266995055221,0.191222691807885,4.43032473359806e-05
Nx070_dt0p25h,70,0.25,1388700,16.0729166666667,0.191328975360403,0.191284686473086,4.42888873166958e-05
Nx070_dt0p25h,70,0.25,1389600,16.0833333333333,0.191390935593292,0.19134666105205,4.42745412417844e-05
Nx070_dt0p25h,70,0.25,1390500,16.09375,0.191452875773372,0.191408615564283,4.4260209088709e-05
Nx070_dt0p25h,70,0.25,1391400,16.1041666666667,0.191514795920095,0.19147055002926,4.42458908348764e-05
Nx070_dt0p25h,70,0.25,1392300,16.1145833333333,0.191576696052882,0.191532464466424,4.42315864576381e-05
Nx070_dt0p25h,70,0.25,1393200,16.125,0.191638576191122,0.191594358895187,4.42172959347065e-05
Nx070_dt0p25h,70,0.25,1394100,16.1354166666667,0.191700436354174,0.191656233334931,4.42030192434884e-05
Nx070_dt0p25h,70,0.25,1395000,16.1458333333333,0.191762276561364,0.191718087805002,4.41887563617793e-05
Nx070_dt0p25h,70,0.25,1395900,16.15625,0.191824096831989,0.191779922324722,4.41745072670696e-05
Nx070_dt0p25h,70,0.25,1396800,16.1666666666667,0.191885897185312,0.191841736913374,4.41602719372935e-05
Nx070_dt0p25h,70,0.25,1397700,16.1770833333333,0.191947677640567,0.191903531590217,4.41460503499136e-05
Nx070_dt0p25h,70,0.25,1398600,16.1875,0.192009438216957,0.191965306374474,4.41318424830583e-05
Nx070_dt0p25h,70,0.25,1399500,16.1979166666667,0.192071178933654,0.192027061285339,4.41176483145789e-05
Nx070_dt0p25h,70,0.25,1400400,16.2083333333333,0.192132899809798,0.192088796341976,4.41034678221597e-05
Nx070_dt0p25h,70,0.25,1401300,16.21875,0.192194600864499,0.192150511563515,4.40893009840682e-05
Nx070_dt0p25h,70,0.25,1402200,16.2291666666667,0.192256282116838,0.19221220696906,4.40751477780443e-05
Nx070_dt0p25h,70,0.25,1403100,16.2395833333333,0.192317943585861,0.192273882577679,4.40610081822723e-05
Nx070_dt0p25h,70,0.25,1404000,16.25,0.192379585290589,0.192335538408414,4.4046882174964e-05
Nx070_dt0p25h,70,0.25,1404900,16.2604166666667,0.192441207250008,0.192397174480273,4.40327697344145e-05
Nx070_dt0p25h,70,0.25,1405800,16.2708333333333,0.192502809483075,0.192458790812237,4.40186708384194e-05
Nx070_dt0p25h,70,0.25,1406700,16.28125,0.192564392008719,0.192520387423253,4.40045854656068e-05
Nx070_dt0p25h,70,0.25,1407600,16.2916666666667,0.192625954845834,0.19258196433224,4.39905135941054e-05
Nx070_dt0p25h,70,0.25,1408500,16.3020833333333,0.192687498013288,0.192643521558086,4.39764552022104e-05
Nx070_dt0p25h,70,0.25,1409400,16.3125,0.192749021529917,0.192705059119648,4.39624102686331e-05
Nx070_dt0p25h,70,0.25,1410300,16.3229166666667,0.192810525414527,0.192766577035755,4.39483787715855e-05
Nx070_dt0p25h,70,0.25,1411200,16.3333333333333,0.192872009685894,0.192828075325204,4.39343606896403e-05
Nx070_dt0p25h,70,0.25,1412100,16.34375,0.192933474362764,0.192889554006763,4.39203560014534e-05
Nx070_dt0p25h,70,0.25,1413000,16.3541666666667,0.192994919463854,0.192951013099169,4.39063646854032e-05
Nx070_dt0p25h,70,0.25,1413900,16.3645833333333,0.19305634500785,0.19301245262113,4.38923867202567e-05
Nx070_dt0p25h,70,0.25,1414800,16.375,0.193117751013409,0.193073872591325,4.38784220846977e-05
Nx070_dt0p25h,70,0.25,1415700,16.3854166666667,0.193179137499159,0.193135273028401,4.38644707576319e-05
Nx070_dt0p25h,70,0.25,1416600,16.3958333333333,0.193240504483695,0.193196653950977,4.38505327176875e-05
Nx070_dt0p25h,70,0.25,1417500,16.40625,0.193301851985587,0.193258015377643,4.38366079436314e-05
Nx070_dt0p25h,70,0.25,1418400,16.4166666666667,0.193363180023372,0.193319357326958,4.38226964145638e-05
Nx070_dt0p25h,70,0.25,1419300,16.4270833333333,0.19342448861556,0.193380679817451,4.38087981091961e-05
Nx070_dt0p25h,70,0.25,1420200,16.4375,0.19348577778063,0.193441982867624,4.37949130065729e-05
Nx070_dt0p25h,70,0.25,1421100,16.4479166666667,0.193547047537033,0.193503266495947,4.37810410856831e-05
Nx070_dt0p25h,70,0.25,1422000,16.4583333333333,0.193608297903189,0.193564530720863,4.37671823259045e-05
Nx070_dt0p25h,70,0.25,1422900,16.46875,0.193669528897491,0.193625775560785,4.37533367058096e-05
Nx070_dt0p25h,70,0.25,1423800,16.4791666666667,0.193730740538301,0.193687001034096,4.37395042049982e-05
Nx070_dt0p25h,70,0.25,1424700,16.4895833333333,0.193791932843953,0.193748207159151,4.37256848024037e-05
Nx070_dt0p25h,70,0.25,1425600,16.5,0.193853105832752,0.193809393954274,4.37118784775981e-05
Nx070_dt0p25h,70,0.25,1426500,16.5104166666667,0.193914259522974,0.193870561437764,4.36980852096258e-05
Nx070_dt0p25h,70,0.25,1427400,16.5208333333333,0.193975393932865,0.193931709627887,4.36843049778091e-05
Nx070_dt0p25h,70,0.25,1428300,16.53125,0.194036509080645,0.193992838542883,4.36705377617752e-05
Nx070_dt0p25h,70,0.25,1429200,16.5416666666667,0.194097604984502,0.194053948200961,4.36567835406521e-05
Nx070_dt0p25h,70,0.25,1430100,16.5520833333333,0.194158681662598,0.194115038620304,4.36430422941503e-05
Nx070_dt0p25h,70,0.25,1431000,16.5625,0.194219739133064,0.194176109819063,4.3629314001592e-05
Nx070_dt0p25h,70,0.25,1431900,16.5729166666667,0.194280777414005,0.194237161815362,4.36155986429931e-05
Nx070_dt0p25h,70,0.25,1432800,16.5833333333333,0.194341796523496,0.194298194627299,4.3601896197204e-05
Nx070_dt0p25h,70,0.25,1433700,16.59375,0.194402796479584,0.19435920827294,4.35882066444904e-05
Nx070_dt0p25h,70,0.25,1434600,16.6041666666667,0.194463777300287,0.194420202770323,4.35745299643686e-05
Nx070_dt0p25h,70,0.25,1435500,16.6145833333333,0.194524739003596,0.194481178137459,4.35608661365217e-05
Nx070_dt0p25h,70,0.25,1436400,16.625,0.194585681607472,0.194542134392331,4.35472151409655e-05
Nx070_dt0p25h,70,0.25,1437300,16.6354166666667,0.19464660512985,0.194603071552892,4.35335769573553e-05
Nx070_dt0p25h,70,0.25,1438200,16.6458333333333,0.194707509588635,0.194663989637069,4.35199515654294e-05
Nx070_dt0p25h,70,0.25,1439100,16.65625,0.194768395001705,0.194724888662759,4.35063389453705e-05
Nx070_dt0p25h,70,0.25,1440000,16.6666666666667,0.19482926138691,0.194785768647832,4.34927390771112e-05
Nx070_dt0p25h,70,0.25,1440900,16.6770833333333,0.194890108762071,0.194846629610131,4.34791519406119e-05
Nx070_dt0p25h,70,0.25,1441800,16.6875,0.194950937144984,0.194907471567468,4.34655775159443e-05
Nx070_dt0p25h,70,0.25,1442700,16.6979166666667,0.195011746553413,0.19496829453763,4.34520157828744e-05
Nx070_dt0p25h,70,0.25,1443600,16.7083333333333,0.195072537005098,0.195029098538375,4.34384667221677e-05
Nx070_dt0p25h,70,0.25,1444500,16.71875,0.195133308517749,0.195089883587435,4.34249303134515e-05
Nx070_dt0p25h,70,0.25,1445400,16.7291666666667,0.195194061109049,0.195150649702512,4.34114065372138e-05
Nx070_dt0p25h,70,0.25,1446300,16.7395833333333,0.195254794796655,0.195211396901281,4.33978953736924e-05
Nx070_dt0p25h,70,0.25,1447200,16.75,0.195315509598194,0.195272125201391,4.33843968029868e-05
Nx070_dt0p25h,70,0.25,1448100,16.7604166666667,0.195376205531267,0.195332834620462,4.33709108059732e-05
Nx070_dt0p25h,70,0.25,1449000,16.7708333333333,0.195436882613448,0.195393525176086,4.33574373626677e-05
Nx070_dt0p25h,70,0.25,1449900,16.78125,0.195497540862282,0.195454196885829,4.33439764532806e-05
Nx070_dt0p25h,70,0.25,1450800,16.7916666666667,0.195558180295289,0.19551484976723,4.33305280587715e-05
Nx070_dt0p25h,70,0.25,1451700,16.8020833333333,0.19561880092996,0.1955754838378,4.33170921594339e-05
Nx070_dt0p25h,70,0.25,1452600,16.8125,0.195679402783758,0.195636099115023,4.33036687356725e-05
Nx070_dt0p25h,70,0.25,1453500,16.8229166666667,0.195739985874123,0.195696695616355,4.32902577684746e-05
Nx070_dt0p25h,70,0.25,1454400,16.8333333333333,0.195800550218464,0.195757273359226,4.32768592381338e-05
Nx070_dt0p25h,70,0.25,1455300,16.84375,0.195861095834165,0.195817832361039,4.32634731254988e-05
Nx070_dt0p25h,70,0.25,1456200,16.8541666666667,0.195921622738582,0.19587837263917,4.32500994112794e-05
Nx070_dt0p25h,70,0.25,1457100,16.8645833333333,0.195982130949044,0.195938894210968,4.32367380762688e-05
Nx070_dt0p25h,70,0.25,1458000,16.875,0.196042620482855,0.195999397093754,4.32233891013156e-05
Nx070_dt0p25h,70,0.25,1458900,16.8854166666667,0.196103091357291,0.196059881304824,4.32100524671852e-05
Nx070_dt0p25h,70,0.25,1459800,16.8958333333333,0.196163543589602,0.196120346861447,4.31967281547541e-05
Nx070_dt0p25h,70,0.25,1460700,16.90625,0.196223977197009,0.196180793780864,4.31834161450095e-05
Nx070_dt0p25h,70,0.25,1461600,16.9166666666667,0.196284392196711,0.196241222080292,4.31701164189113e-05
Nx070_dt0p25h,70,0.25,1462500,16.9270833333333,0.196344788605875,0.196301631776918,4.31568289574469e-05
Nx070_dt0p25h,70,0.25,1463400,16.9375,0.196405166441646,0.196362022887905,4.31435537417146e-05
Nx070_dt0p25h,70,0.25,1464300,16.9479166666667,0.196465525721141,0.196422395430388,4.31302907528686e-05
Nx070_dt0p25h,70,0.25,1465200,16.9583333333333,0.19652586646145,0.196482749421479,4.31170399718128e-05
Nx070_dt0p25h,70,0.25,1466100,16.96875,0.196586188679638,0.196543084878258,4.31038013799789e-05
Nx070_dt0p25h,70,0.25,1467000,16.9791666666667,0.196646492392743,0.196603401817785,4.30905749584376e-05
Nx070_dt0p25h,70,0.25,1467900,16.9895833333333,0.196706777617777,0.196663700257088,4.30773606885648e-05
Nx070_dt0p25h,70,0.25,1468800,17,0.196767044371725,0.196723980213173,4.30641585517089e-05
Nx070_dt0p25h,70,0.25,1469700,17.0104166666667,0.196827292671548,0.196784241703019,4.30509685289404e-05
Nx070_dt0p25h,70,0.25,1470600,17.0208333333333,0.19688752253418,0.196844484743578,4.30377906017188e-05
Nx070_dt0p25h,70,0.25,1471500,17.03125,0.196947733976528,0.196904709351776,4.30246247516419e-05
Nx070_dt0p25h,70,0.25,1472400,17.0416666666667,0.197007927015474,0.196964915544514,4.30114709600304e-05
Nx070_dt0p25h,70,0.25,1473300,17.0520833333333,0.197068101667875,0.197025103338667,4.29983292083713e-05
Nx070_dt0p25h,70,0.25,1474200,17.0625,0.197128257950561,0.197085272751083,4.29851994782904e-05
Nx070_dt0p25h,70,0.25,1475100,17.0729166666667,0.197188395880337,0.197145423798586,4.29720817510248e-05
Nx070_dt0p25h,70,0.25,1476000,17.0833333333333,0.197248515473981,0.197205556497973,4.29589760087001e-05
Nx070_dt0p25h,70,0.25,1476900,17.09375,0.197308616748248,0.197265670866015,4.29458822325535e-05
Nx070_dt0p25h,70,0.25,1477800,17.1041666666667,0.197368699719865,0.19732576691946,4.29328004046825e-05
Nx070_dt0p25h,70,0.25,1478700,17.1145833333333,0.197428764405534,0.197385844675028,4.29197305064077e-05
Nx070_dt0p25h,70,0.25,1479600,17.125,0.197488810821933,0.197445904149413,4.29066725197436e-05
Nx070_dt0p25h,70,0.25,1480500,17.1354166666667,0.197548838985712,0.197505945359286,4.28936264262603e-05
Nx070_dt0p25h,70,0.25,1481400,17.1458333333333,0.197608848913499,0.197565968321291,4.28805922080278e-05
Nx070_dt0p25h,70,0.25,1482300,17.15625,0.197668840621894,0.197625973052047,4.28675698468106e-05
Nx070_dt0p25h,70,0.25,1483200,17.1666666666667,0.197728814127472,0.197685959568148,4.28545593247065e-05
Nx070_dt0p25h,70,0.25,1484100,17.1770833333333,0.197788769446785,0.197745927886162,4.28415606233135e-05
Nx070_dt0p25h,70,0.25,1485000,17.1875,0.197848706596358,0.197805878022632,4.28285737251177e-05
Nx070_dt0p25h,70,0.25,1485900,17.1979166666667,0.19790862559269,0.197865809994078,4.28155986115231e-05
Nx070_dt0p25h,70,0.25,1486800,17.2083333333333,0.197968526452257,0.197925723816992,4.280263526521e-05
Nx070_dt0p25h,70,0.25,1487700,17.21875,0.19802840919151,0.197985619507842,4.27896836680819e-05
Nx070_dt0p25h,70,0.25,1488600,17.2291666666667,0.198088273826874,0.198045497083072,4.27767438020699e-05
Nx070_dt0p25h,70,0.25,1489500,17.2395833333333,0.19814812037475,0.1981053565591,4.27638156495769e-05
Nx070_dt0p25h,70,0.25,1490400,17.25,0.198207948851512,0.198165197952319,4.27508991927283e-05
Nx070_dt0p25h,70,0.25,1491300,17.2604166666667,0.198267759273513,0.198225021279099,4.2737994413955e-05
Nx070_dt0p25h,70,0.25,1492200,17.2708333333333,0.198327551657078,0.198284826555783,4.27251012952989e-05
Nx070_dt0p25h,70,0.25,1493100,17.28125,0.198387326018509,0.19834461379869,4.27122198192187e-05
Nx070_dt0p25h,70,0.25,1494000,17.2916666666667,0.198447082374083,0.198404383024115,4.2699349968145e-05
Nx070_dt0p25h,70,0.25,1494900,17.3020833333333,0.198506820740053,0.198464134248329,4.26864917242309e-05
Nx070_dt0p25h,70,0.25,1495800,17.3125,0.198566541132646,0.198523867487576,4.2673645070157e-05
Nx070_dt0p25h,70,0.25,1496700,17.3229166666667,0.198626243568066,0.198583582758078,4.26608099884096e-05
Nx070_dt0p25h,70,0.25,1497600,17.3333333333333,0.198685928062493,0.198643280076031,4.26479864614471e-05
Nx070_dt0p25h,70,0.25,1498500,17.34375,0.19874559463208,0.198702959457608,4.2635174471839e-05
Nx070_dt0p25h,70,0.25,1499400,17.3541666666667,0.198805243292959,0.198762620918957,4.26223740020437e-05
Nx070_dt0p25h,70,0.25,1500300,17.3645833333333,0.198864874061235,0.1988222644762,4.26095850347419e-05
Nx070_dt0p25h,70,0.25,1501200,17.375,0.198924486952991,0.198881890145438,4.25968075528638e-05
Nx070_dt0p25h,70,0.25,1502100,17.3854166666667,0.198984081984284,0.198941497942746,4.25840415388679e-05
Nx070_dt0p25h,70,0.25,1503000,17.3958333333333,0.199043659171149,0.199001087884174,4.25712869752681e-05
Nx070_dt0p25h,70,0.25,1503900,17.40625,0.199103218529595,0.19906065998575,4.2558543845217e-05
Nx070_dt0p25h,70,0.25,1504800,17.4166666666667,0.199162760075608,0.199120214263477,4.25458121312561e-05
Nx070_dt0p25h,70,0.25,1505700,17.4270833333333,0.19922228382515,0.199179750733334,4.25330918163436e-05
Nx070_dt0p25h,70,0.25,1506600,17.4375,0.199281789794158,0.199239269411275,4.2520382883493e-05
Nx070_dt0p25h,70,0.25,1507500,17.4479166666667,0.199341277998548,0.199298770313232,4.25076853151907e-05
Nx070_dt0p25h,70,0.25,1508400,17.4583333333333,0.199400748454208,0.199358253455113,4.24949990948942e-05
Nx070_dt0p25h,70,0.25,1509300,17.46875,0.199460201177006,0.199417718852801,4.24823242052563e-05
Nx070_dt0p25h,70,0.25,1510200,17.4791666666667,0.199519636182784,0.199477166522155,4.24696606294572e-05
Nx070_dt0p25h,70,0.25,1511100,17.4895833333333,0.199579053487363,0.199536596479013,4.24570083502607e-05
Nx070_dt0p25h,70,0.25,1512000,17.5,0.199638453106537,0.199596008739186,4.24443673510411e-05
Nx070_dt0p25h,70,0.25,1512900,17.5104166666667,0.199697835056078,0.199655403318463,4.24317376148398e-05
Nx070_dt0p25h,70,0.25,1513800,17.5208333333333,0.199757199351735,0.199714780232611,4.24191191248091e-05
Nx070_dt0p25h,70,0.25,1514700,17.53125,0.199816546009234,0.19977413949737,4.24065118641292e-05
Nx070_dt0p25h,70,0.25,1515600,17.5416666666667,0.199875875044276,0.19983348112846,4.23939158160358e-05
Nx070_dt0p25h,70,0.25,1516500,17.5520833333333,0.199935186472539,0.199892805141575,4.23813309638477e-05
Nx070_dt0p25h,70,0.25,1517400,17.5625,0.199994480309678,0.199952111552387,4.23687572906895e-05
Nx070_dt0p25h,70,0.25,1518300,17.5729166666667,0.200053756571326,0.200011400376546,4.23561947799633e-05
Nx070_dt0p25h,70,0.25,1519200,17.5833333333333,0.20011301527309,0.200070671629675,4.2343643415238e-05
Nx070_dt0p25h,70,0.25,1520100,17.59375,0.200172256430557,0.200129925327378,4.23311031794993e-05
Nx070_dt0p25h,70,0.25,1521000,17.6041666666667,0.200231480059289,0.200189161485232,4.23185740565379e-05
Nx070_dt0p25h,70,0.25,1521900,17.6145833333333,0.200290686174824,0.200248380118794,4.23060560296173e-05
Nx070_dt0p25h,70,0.25,1522800,17.625,0.20034987479268,0.200307581243597,4.22935490823062e-05
Nx070_dt0p25h,70,0.25,1523700,17.6354166666667,0.200409045928349,0.200366764875151,4.22810531981732e-05
Nx070_dt0p25h,70,0.25,1524600,17.6458333333333,0.200468199597302,0.200425931028941,4.22685683606483e-05
Nx070_dt0p25h,70,0.25,1525500,17.65625,0.200527335814986,0.200485079720433,4.22560945533834e-05
Nx070_dt0p25h,70,0.25,1526400,17.6666666666667,0.200586454596827,0.200544210965067,4.22436317602526e-05
Nx070_dt0p25h,70,0.25,1527300,17.6770833333333,0.200645555958225,0.200603324778261,4.22311799646302e-05
Nx070_dt0p25h,70,0.25,1528200,17.6875,0.200704639914561,0.200662421175411,4.22187391501128e-05
Nx070_dt0p25h,70,0.25,1529100,17.6979166666667,0.20076370648119,0.200721500171889,4.22063093008795e-05
Nx070_dt0p25h,70,0.25,1530000,17.7083333333333,0.200822755673446,0.200780561783046,4.2193890400305e-05
Nx070_dt0p25h,70,0.25,1530900,17.71875,0.200881787506641,0.200839606024208,4.21814824322631e-05
Nx070_dt0p25h,70,0.25,1531800,17.7291666666667,0.200940801996062,0.200898632910682,4.21690853806833e-05
Nx070_dt0p25h,70,0.25,1532700,17.7395833333333,0.200999799156978,0.200957642457748,4.21566992292732e-05
Nx070_dt0p25h,70,0.25,1533600,17.75,0.20105877900463,0.201016634680668,4.21443239621844e-05
Nx070_dt0p25h,70,0.25,1534500,17.7604166666667,0.201117741554241,0.201075609594678,4.21319595631797e-05
Nx070_dt0p25h,70,0.25,1535400,17.7708333333333,0.201176686821009,0.201134567214993,4.21196060161055e-05
Nx070_dt0p25h,70,0.25,1536300,17.78125,0.201235614820111,0.201193507556805,4.21072633051411e-05
Nx070_dt0p25h,70,0.25,1537200,17.7916666666667,0.201294525566701,0.201252430635286,4.20949314142716e-05
Nx070_dt0p25h,70,0.25,1538100,17.8020833333333,0.201353419075911,0.201311336465583,4.20826103274818e-05
Nx070_dt0p25h,70,0.25,1539000,17.8125,0.201412295362851,0.201370225062822,4.20703000290346e-05
Nx070_dt0p25h,70,0.25,1539900,17.8229166666667,0.20147115444261,0.201429096442107,4.20580005028592e-05
Nx070_dt0p25h,70,0.25,1540800,17.8333333333333,0.201529996330252,0.201487950618519,4.20457117332185e-05
Nx070_dt0p25h,70,0.25,1541700,17.84375,0.201588821040822,0.201546787607118,4.2033433704125e-05
Nx070_dt0p25h,70,0.25,1542600,17.8541666666667,0.20164762858934,0.20160560742294,4.20211664000913e-05
Nx070_dt0p25h,70,0.25,1543500,17.8645833333333,0.201706418990807,0.201664410081002,4.20089098051857e-05
Nx070_dt0p25h,70,0.25,1544400,17.875,0.201765192260201,0.201723195596297,4.19966639035874e-05
Nx070_dt0p25h,70,0.25,1545300,17.8854166666667,0.201823948412477,0.201781963983797,4.19844286798365e-05
Nx070_dt0p25h,70,0.25,1546200,17.8958333333333,0.201882687462569,0.20184071525845,4.19722041180848e-05
Nx070_dt0p25h,70,0.25,1547100,17.90625,0.201941409425389,0.201899449435186,4.19599902029e-05
Nx070_dt0p25h,70,0.25,1548000,17.9166666666667,0.202000114315829,0.20195816652891,4.19477869184337e-05
Nx070_dt0p25h,70,0.25,1548900,17.9270833333333,0.202058802148756,0.202016866554507,4.19355942494481e-05
Nx070_dt0p25h,70,0.25,1549800,17.9375,0.202117472939019,0.202075549526839,4.19234121803169e-05
Nx070_dt0p25h,70,0.25,1550700,17.9479166666667,0.202176126701442,0.202134215460747,4.19112406953026e-05
Nx070_dt0p25h,70,0.25,1551600,17.9583333333333,0.20223476345083,0.202192864371051,4.18990797792229e-05
Nx070_dt0p25h,70,0.25,1552500,17.96875,0.202293383201966,0.202251496272549,4.1886929416507e-05
Nx070_dt0p25h,70,0.25,1553400,17.9791666666667,0.202351985969609,0.202310111180017,4.18747895916671e-05
Nx070_dt0p25h,70,0.25,1554300,17.9895833333333,0.2024105717685,0.202368709108211,4.18626602894934e-05
Nx070_dt0p25h,70,0.25,1555200,18,0.202469140613358,0.202427290071863,4.18505414945258e-05
Nx070_dt0p25h,70,0.25,1556100,18.0104166666667,0.202527692518878,0.202485854085686,4.18384331916655e-05
Nx070_dt0p25h,70,0.25,1557000,18.0208333333333,0.202586227499736,0.202544401164371,4.18263353653692e-05
Nx070_dt0p25h,70,0.25,1557900,18.03125,0.202644745570587,0.202602931322587,4.18142480004269e-05
Nx070_dt0p25h,70,0.25,1558800,18.0416666666667,0.202703246746064,0.202661444574982,4.18021710817118e-05
Nx070_dt0p25h,70,0.25,1559700,18.0520833333333,0.202761731040778,0.202719940936184,4.17901045939306e-05
Nx070_dt0p25h,70,0.25,1560600,18.0625,0.202820198469321,0.202778420420799,4.17780485221231e-05
Nx070_dt0p25h,70,0.25,1561500,18.0729166666667,0.202878649046262,0.202836883043411,4.17660028508571e-05
Nx070_dt0p25h,70,0.25,1562400,18.0833333333333,0.202937082786149,0.202895328818584,4.17539675653111e-05
Nx070_dt0p25h,70,0.25,1563300,18.09375,0.202995499703511,0.202953757760861,4.17419426501642e-05
Nx070_dt0p25h,70,0.25,1564200,18.1041666666667,0.203053899812854,0.203012169884763,4.17299280905115e-05
Nx070_dt0p25h,70,0.25,1565100,18.1145833333333,0.203112283128663,0.203070565204791,4.17179238714482e-05
Nx070_dt0p25h,70,0.25,1566000,18.125,0.203170649665403,0.203128943735425,4.17059299778477e-05
Nx070_dt0p25h,70,0.25,1566900,18.1354166666667,0.203228999437519,0.203187305491124,4.16939463947219e-05
Nx070_dt0p25h,70,0.25,1567800,18.1458333333333,0.203287332459434,0.203245650486326,4.16819731072215e-05
Nx070_dt0p25h,70,0.25,1568700,18.15625,0.203345648745549,0.203303978735449,4.16700101003309e-05
Nx070_dt0p25h,70,0.25,1569600,18.1666666666667,0.203403948310247,0.203362290252888,4.16580573594783e-05
Nx070_dt0p25h,70,0.25,1570500,18.1770833333333,0.20346223116789,0.20342058505302,4.16461148696201e-05
Nx070_dt0p25h,70,0.25,1571400,18.1875,0.203520497332816,0.2034788631502,4.16341826159627e-05
Nx070_dt0p25h,70,0.25,1572300,18.1979166666667,0.203578746819346,0.203537124558762,4.16222605837679e-05
Nx070_dt0p25h,70,0.25,1573200,18.2083333333333,0.20363697964178,0.203595369293022,4.16103487581032e-05
Nx070_dt0p25h,70,0.25,1574100,18.21875,0.203695195814396,0.203653597367271,4.15984471247022e-05
Nx070_dt0p25h,70,0.25,1575000,18.2291666666667,0.203753395351452,0.203711808795784,4.15865556685213e-05
Nx070_dt0p25h,70,0.25,1575900,18.2395833333333,0.203811578267187,0.203770003592812,4.15746743749335e-05
Nx070_dt0p25h,70,0.25,1576800,18.25,0.203869744575817,0.203828181772588,4.15628032291726e-05
Nx070_dt0p25h,70,0.25,1577700,18.2604166666667,0.20392789429154,0.203886343349323,4.15509422170834e-05
Nx070_dt0p25h,70,0.25,1578600,18.2708333333333,0.203986027428533,0.203944488337209,4.15390913236779e-05
Nx070_dt0p25h,70,0.25,1579500,18.28125,0.204044144000952,0.204002616750417,4.15272505344677e-05
Nx070_dt0p25h,70,0.25,1580400,18.2916666666667,0.204102244022933,0.204060728603098,4.15154198352141e-05
Nx070_dt0p25h,70,0.25,1581300,18.3020833333333,0.204160327508594,0.204118823909382,4.15035992112345e-05
Nx070_dt0p25h,70,0.25,1582200,18.3125,0.204218394472029,0.204176902683381,4.14917886479849e-05
Nx070_dt0p25h,70,0.25,1583100,18.3229166666667,0.204276444927314,0.204234964939183,4.14799881311712e-05
Nx070_dt0p25h,70,0.25,1584000,18.3333333333333,0.204334478888507,0.20429301069086,4.14681976462217e-05
Nx070_dt0p25h,70,0.25,1584900,18.34375,0.204392496369641,0.204351039952462,4.14564171791199e-05
Nx070_dt0p25h,70,0.25,1585800,18.3541666666667,0.204450497384733,0.204409052738018,4.14446467150442e-05
Nx070_dt0p25h,70,0.25,1586700,18.3645833333333,0.204508481947779,0.20446704906154,4.14328862399782e-05
Nx070_dt0p25h,70,0.25,1587600,18.375,0.204566450072756,0.204525028937016,4.14211357396832e-05
Nx070_dt0p25h,70,0.25,1588500,18.3854166666667,0.204624401773618,0.204582992378418,4.14093951997263e-05
Nx070_dt0p25h,70,0.25,1589400,18.3958333333333,0.204682337064302,0.204640939399696,4.13976646058412e-05
Nx070_dt0p25h,70,0.25,1590300,18.40625,0.204740255958725,0.204698870014781,4.13859439439557e-05
Nx070_dt0p25h,70,0.25,1591200,18.4166666666667,0.204798158470783,0.204756784237583,4.13742332000255e-05
Nx070_dt0p25h,70,0.25,1592100,18.4270833333333,0.204856044614353,0.204814682081994,4.13625323594513e-05
Nx070_dt0p25h,70,0.25,1593000,18.4375,0.204913914403293,0.204872563561885,4.13508414085217e-05
Nx070_dt0p25h,70,0.25,1593900,18.4479166666667,0.204971767851441,0.204930428691108,4.13391603328872e-05
Nx070_dt0p25h,70,0.25,1594800,18.4583333333333,0.205029604972613,0.204988277483495,4.13274891186699e-05
Nx070_dt0p25h,70,0.25,1595700,18.46875,0.20508742578061,0.205046109952858,4.1315827751659e-05
Nx070_dt0p25h,70,0.25,1596600,18.4791666666667,0.205145230289209,0.205103926112991,4.13041762179767e-05
Nx070_dt0p25h,70,0.25,1597500,18.4895833333333,0.205203018512171,0.205161725977667,4.12925345036896e-05
Nx070_dt0p25h,70,0.25,1598400,18.5,0.205260790463235,0.205219509560641,4.12809025946426e-05
Nx070_dt0p25h,70,0.25,1599300,18.5104166666667,0.205318546156122,0.205277276875645,4.12692804770132e-05
Nx070_dt0p25h,70,0.25,1600200,18.5208333333333,0.205376285604534,0.205335027936397,4.12576681369237e-05
Nx070_dt0p25h,70,0.25,1601100,18.53125,0.205434008822152,0.205392762756592,4.12460655603575e-05
Nx070_dt0p25h,70,0.25,1602000,18.5416666666667,0.205491715822639,0.205450481349905,4.12344727336034e-05
Nx070_dt0p25h,70,0.25,1602900,18.5520833333333,0.205549406619638,0.205508183729995,4.12228896427003e-05
Nx070_dt0p25h,70,0.25,1603800,18.5625,0.205607081226774,0.2055658699105,4.12113162740479e-05
Nx070_dt0p25h,70,0.25,1604700,18.5729166666667,0.205664739657651,0.205623539905038,4.11997526135743e-05
Nx070_dt0p25h,70,0.25,1605600,18.5833333333333,0.205722381925856,0.205681193727208,4.11881986479845e-05
Nx070_dt0p25h,70,0.25,1606500,18.59375,0.205780008044955,0.205738831390592,4.11766543630676e-05
Nx070_dt0p25h,70,0.25,1607400,18.6041666666667,0.205837618028496,0.20579645290875,4.11651197454455e-05
Nx070_dt0p25h,70,0.25,1608300,18.6145833333333,0.205895211890007,0.205854058295225,4.11535947814068e-05
Nx070_dt0p25h,70,0.25,1609200,18.625,0.205952789642998,0.205911647563541,4.11420794571293e-05
Nx070_dt0p25h,70,0.25,1610100,18.6354166666667,0.20601035130096,0.205969220727201,4.11305737592071e-05
Nx070_dt0p25h,70,0.25,1611000,18.6458333333333,0.206067896877365,0.206026777799691,4.11190776740955e-05
Nx070_dt0p25h,70,0.25,1611900,18.65625,0.206125426385665,0.206084318794477,4.11075911880554e-05
Nx070_dt0p25h,70,0.25,1612800,18.6666666666667,0.206182939839294,0.206141843725007,4.10961142876254e-05
Nx070_dt0p25h,70,0.25,1613700,18.6770833333333,0.206240437251668,0.206199352604709,4.10846469592052e-05
Nx070_dt0p25h,70,0.25,1614600,18.6875,0.206297918636184,0.206256845446994,4.10731891894722e-05
Nx070_dt0p25h,70,0.25,1615500,18.6979166666667,0.206355384006218,0.206314322265253,4.10617409649372e-05
Nx070_dt0p25h,70,0.25,1616400,18.7083333333333,0.20641283337513,0.206371783072858,4.10503022719721e-05
Nx070_dt0p25h,70,0.25,1617300,18.71875,0.20647026675626,0.206429227883163,4.10388730973099e-05
Nx070_dt0p25h,70,0.25,1618200,18.7291666666667,0.20652768416293,0.206486656709502,4.10274534277388e-05
Nx070_dt0p25h,70,0.25,1619100,18.7395833333333,0.206585085608443,0.206544069565193,4.10160432496309e-05
Nx070_dt0p25h,70,0.25,1620000,18.75,0.206642471106084,0.206601466463534,4.10046425499133e-05
Nx070_dt0p25h,70,0.25,1620900,18.7604166666667,0.206699840669118,0.206658847417803,4.09932513150135e-05
Nx070_dt0p25h,70,0.25,1621800,18.7708333333333,0.206757194310793,0.206716212441261,4.09818695317477e-05
Nx070_dt0p25h,70,0.25,1622700,18.78125,0.206814532044338,0.206773561547151,4.09704971869873e-05
Nx070_dt0p25h,70,0.25,1623600,18.7916666666667,0.206871853882964,0.206830894748697,4.09591342673543e-05
Nx070_dt0p25h,70,0.25,1624500,18.8020833333333,0.206929159839863,0.206888212059103,4.09477807596925e-05
Nx070_dt0p25h,70,0.25,1625400,18.8125,0.206986449928209,0.206945513491558,4.09364366508735e-05
Nx070_dt0p25h,70,0.25,1626300,18.8229166666667,0.207043724161158,0.20700279905923,4.09251019277967e-05
Nx070_dt0p25h,70,0.25,1627200,18.8333333333333,0.207100982551847,0.20706006877527,4.09137765770284e-05
Nx070_dt0p25h,70,0.25,1628100,18.84375,0.207158225113394,0.207117322652808,4.09024605858288e-05
Nx070_dt0p25h,70,0.25,1629000,18.8541666666667,0.207215451858902,0.207174560704961,4.08911539409584e-05
Nx070_dt0p25h,70,0.25,1629900,18.8645833333333,0.207272662801453,0.207231782944823,4.08798566293167e-05
Nx070_dt0p25h,70,0.25,1630800,18.875,0.20732985795411,0.207288989385472,4.08685686379973e-05
Nx070_dt0p25h,70,0.25,1631700,18.8854166666667,0.207387037329922,0.207346180039968,4.08572899538717e-05
Nx070_dt0p25h,70,0.25,1632600,18.8958333333333,0.207444200941916,0.207403354921352,4.08460205639505e-05
Nx070_dt0p25h,70,0.25,1633500,18.90625,0.207501348803102,0.207460514042646,4.08347604556325e-05
Nx070_dt0p25h,70,0.25,1634400,18.9166666666667,0.207558480926473,0.207517657416858,4.08235096155118e-05
Nx070_dt0p25h,70,0.25,1635300,18.9270833333333,0.207615597325004,0.207574785056973,4.08122680308209e-05
Nx070_dt0p25h,70,0.25,1636200,18.9375,0.207672698011651,0.207631896975962,4.08010356889033e-05
Nx070_dt0p25h,70,0.25,1637100,18.9479166666667,0.207729782999352,0.207688993186776,4.07898125764916e-05
Nx070_dt0p25h,70,0.25,1638000,18.9583333333333,0.207786852301029,0.207746073702347,4.07785986812348e-05
Nx070_dt0p25h,70,0.25,1638900,18.96875,0.207843905929583,0.207803138535593,4.07673939902264e-05
Nx070_dt0p25h,70,0.25,1639800,18.9791666666667,0.207900943897901,0.207860187699411,4.07561984901716e-05
Nx070_dt0p25h,70,0.25,1640700,18.9895833333333,0.20795796621885,0.207917221206681,4.0745012168858e-05
Nx070_dt0p25h,70,0.25,1641600,19,0.208014972905279,0.207974239070265,4.07338350133235e-05
Nx070_dt0p25h,70,0.25,1642500,19.0104166666667,0.20807196397002,0.208031241303009,4.07226670109673e-05
Nx070_dt0p25h,70,0.25,1643400,19.0208333333333,0.208128939425888,0.208088227917738,4.07115081490772e-05
Nx070_dt0p25h,70,0.25,1644300,19.03125,0.208185899285678,0.208145198927264,4.0700358414858e-05
Nx070_dt0p25h,70,0.25,1645200,19.0416666666667,0.208242843562172,0.208202154344376,4.06892177958751e-05
Nx070_dt0p25h,70,0.25,1646100,19.0520833333333,0.208299772268128,0.208259094181849,4.067808627925e-05
Nx070_dt0p25h,70,0.25,1647000,19.0625,0.208356685416293,0.20831601845244,4.06669638527424e-05
Nx070_dt0p25h,70,0.25,1647900,19.0729166666667,0.208413583019392,0.208372927168889,4.06558505033627e-05
Nx070_dt0p25h,70,0.25,1648800,19.0833333333333,0.208470465090134,0.208429820343915,4.06447462188431e-05
Nx070_dt0p25h,70,0.25,1649700,19.09375,0.208527331641211,0.208486697990225,4.06336509867766e-05
Nx070_dt0p25h,70,0.25,1650600,19.1041666666667,0.208584182685298,0.208543560120503,4.06225647942848e-05
Nx070_dt0p25h,70,0.25,1651500,19.1145833333333,0.20864101823505,0.208600406747421,4.06114876291552e-05
Nx070_dt0p25h,70,0.25,1652400,19.125,0.208697838303107,0.208657237883629,4.06004194788978e-05
Nx070_dt0p25h,70,0.25,1653300,19.1354166666667,0.208754642902093,0.208714053541762,4.05893603309115e-05
Nx070_dt0p25h,70,0.25,1654200,19.1458333333333,0.208811432044611,0.208770853734438,4.05783101731783e-05
Nx070_dt0p25h,70,0.25,1655100,19.15625,0.20886820574325,0.208827638474257,4.05672689929304e-05
Nx070_dt0p25h,70,0.25,1656000,19.1666666666667,0.20892496401058,0.208884407773802,4.05562367780665e-05
Nx070_dt0p25h,70,0.25,1656900,19.1770833333333,0.208981706859154,0.208941161645638,4.05452135160966e-05
Nx070_dt0p25h,70,0.25,1657800,19.1875,0.209038434301509,0.208997900102314,4.05341991948083e-05
Nx070_dt0p25h,70,0.25,1658700,19.1979166666667,0.209095146350163,0.209054623156362,4.05231938016559e-05
Nx070_dt0p25h,70,0.25,1659600,19.2083333333333,0.20915184301762,0.209111330820295,4.05121973246769e-05
Nx070_dt0p25h,70,0.25,1660500,19.21875,0.209208524316363,0.209168023106612,4.05012097516588e-05
Nx070_dt0p25h,70,0.25,1661400,19.2291666666667,0.209265190258862,0.209224700027792,4.04902310701116e-05
Nx070_dt0p25h,70,0.25,1662300,19.2395833333333,0.209321840857567,0.209281361596299,4.04792612679616e-05
Nx070_dt0p25h,70,0.25,1663200,19.25,0.209378476124912,0.209338007824579,4.04683003329964e-05
Nx070_dt0p25h,70,0.25,1664100,19.2604166666667,0.209435096073314,0.209394638725061,4.04573482532256e-05
Nx070_dt0p25h,70,0.25,1665000,19.2708333333333,0.209491700715174,0.209451254310158,4.04464050162978e-05
Nx070_dt0p25h,70,0.25,1665900,19.28125,0.209548290062876,0.209507854592266,4.04354706101395e-05
Nx070_dt0p25h,70,0.25,1666800,19.2916666666667,0.209604864128786,0.209564439583763,4.04245450229268e-05
Nx070_dt0p25h,70,0.25,1667700,19.3020833333333,0.209661422925253,0.209621009297011,4.04136282421974e-05
Nx070_dt0p25h,70,0.25,1668600,19.3125,0.209717966464612,0.209677563744356,4.0402720256183e-05
Nx070_dt0p25h,70,0.25,1669500,19.3229166666667,0.209774494759178,0.209734102938125,4.03918210527821e-05
Nx070_dt0p25h,70,0.25,1670400,19.3333333333333,0.209831007821252,0.209790626890631,4.03809306200875e-05
Nx070_dt0p25h,70,0.25,1671300,19.34375,0.209887505663115,0.20984713561417,4.03700489458314e-05
Nx070_dt0p25h,70,0.25,1672200,19.3541666666667,0.209943988297036,0.209903629121018,4.03591760183009e-05
Nx070_dt0p25h,70,0.25,1673100,19.3645833333333,0.210000455735264,0.209960107423438,4.03483118255332e-05
Nx070_dt0p25h,70,0.25,1674000,19.375,0.210056907990032,0.210016570533676,4.03374563557601e-05
Nx070_dt0p25h,70,0.25,1674900,19.3854166666667,0.210113345073556,0.210073018463959,4.03266095967414e-05
Nx070_dt0p25h,70,0.25,1675800,19.3958333333333,0.210169766998038,0.210129451226501,4.03157715369584e-05
Nx070_dt0p25h,70,0.25,1676700,19.40625,0.21022617377566,0.210185868833496,4.03049421643653e-05
Nx070_dt0p25h,70,0.25,1677600,19.4166666666667,0.210282565418591,0.210242271297124,4.02941214673325e-05
Nx070_dt0p25h,70,0.25,1678500,19.4270833333333,0.210338941938982,0.210298658629548,4.0283309433814e-05
Nx070_dt0p25h,70,0.25,1679400,19.4375,0.210395303348966,0.210355030842914,4.02725060521525e-05
Nx070_dt0p25h,70,0.25,1680300,19.4479166666667,0.210451649660662,0.210411387949351,4.02617113105519e-05
Nx070_dt0p25h,70,0.25,1681200,19.4583333333333,0.210507980886172,0.210467729960975,4.02509251973548e-05
Nx070_dt0p25h,70,0.25,1682100,19.46875,0.210564297037582,0.210524056889881,4.02401477007097e-05
Nx070_dt0p25h,70,0.25,1683000,19.4791666666667,0.21062059812696,0.210580368748152,4.02293788089869e-05
Nx070_dt0p25h,70,0.25,1683900,19.4895833333333,0.210676884166361,0.210636665547851,4.02186185106679e-05
Nx070_dt0p25h,70,0.25,1684800,19.5,0.210733155167821,0.210692947301027,4.02078667940675e-05
Nx070_dt0p25h,70,0.25,1685700,19.5104166666667,0.210789411143361,0.210749214019714,4.01971236473064e-05
Nx070_dt0p25h,70,0.25,1686600,19.5208333333333,0.210845652104985,0.210805465715926,4.01863890589493e-05
Nx070_dt0p25h,70,0.25,1687500,19.53125,0.210901878064682,0.210861702401665,4.01756630173111e-05
Nx070_dt0p25h,70,0.25,1688400,19.5416666666667,0.210958089034424,0.210917924088913,4.01649455112618e-05
Nx070_dt0p25h,70,0.25,1689300,19.5520833333333,0.211014285026169,0.21097413078964,4.01542365286445e-05
Nx070_dt0p25h,70,0.25,1690200,19.5625,0.211070466051855,0.211030322515797,4.01435360582181e-05
Nx070_dt0p25h,70,0.25,1691100,19.5729166666667,0.211126632123408,0.211086499279319,4.01328440884641e-05
Nx070_dt0p25h,70,0.25,1692000,19.5833333333333,0.211182783252735,0.211142661092127,4.01221606079194e-05
Nx070_dt0p25h,70,0.25,1692900,19.59375,0.21123891945173,0.211198807966125,4.011148560501e-05
Nx070_dt0p25h,70,0.25,1693800,19.6041666666667,0.211295040732269,0.211254939913201,4.01008190684671e-05
Nx070_dt0p25h,70,0.25,1694700,19.6145833333333,0.211351147106213,0.211311056945226,4.00901609868831e-05
Nx070_dt0p25h,70,0.25,1695600,19.625,0.211407238585406,0.211367159074058,4.0079511348684e-05
Nx070_dt0p25h,70,0.25,1696500,19.6354166666667,0.211463315181678,0.211423246311536,4.00688701426566e-05
Nx070_dt0p25h,70,0.25,1697400,19.6458333333333,0.211519376906842,0.211479318669485,4.005823735731e-05
Nx070_dt0p25h,70,0.25,1698300,19.65625,0.211575423772695,0.211535376159714,4.00476129814309e-05
Nx070_dt0p25h,70,0.25,1699200,19.6666666666667,0.211631455791019,0.211591418794016,4.00369970034731e-05
Nx070_dt0p25h,70,0.25,1700100,19.6770833333333,0.211687472973581,0.211647446584168,4.00263894125286e-05
Nx070_dt0p25h,70,0.25,1701000,19.6875,0.21174347533213,0.211703459541933,4.00157901970233e-05
Nx070_dt0p25h,70,0.25,1701900,19.6979166666667,0.211799462878401,0.211759457679055,4.0005199345744e-05
Nx070_dt0p25h,70,0.25,1702800,19.7083333333333,0.211855435624114,0.211815441007266,3.99946168475329e-05
Nx070_dt0p25h,70,0.25,1703700,19.71875,0.211911393580972,0.211871409538281,3.99840426911768e-05
Nx070_dt0p25h,70,0.25,1704600,19.7291666666667,0.211967336760663,0.211927363283797,3.9973476865407e-05
Nx070_dt0p25h,70,0.25,1705500,19.7395833333333,0.212023265174859,0.2119833022555,3.99629193591489e-05
Nx070_dt0p25h,70,0.25,1706400,19.75,0.212079178835219,0.212039226465057,3.99523701611337e-05
Nx070_dt0p25h,70,0.25,1707300,19.7604166666667,0.212135077753382,0.212095135924121,3.99418292604259e-05
Nx070_dt0p25h,70,0.25,1708200,19.7708333333333,0.212190961940975,0.212151030644329,3.99312966456178e-05
Nx070_dt0p25h,70,0.25,1709100,19.78125,0.212246831409609,0.212206910637303,3.9920772305746e-05
Nx070_dt0p25h,70,0.25,1710000,19.7916666666667,0.212302686170879,0.212262775914649,3.99102562299303e-05
Nx070_dt0p25h,70,0.25,1710900,19.8020833333333,0.212358526236365,0.212318626487958,3.98997484067909e-05
Nx070_dt0p25h,70,0.25,1711800,19.8125,0.212414351617632,0.212374462368806,3.98892488255587e-05
Nx070_dt0p25h,70,0.25,1712700,19.8229166666667,0.212470162326228,0.212430283568753,3.98787574751869e-05
Nx070_dt0p25h,70,0.25,1713600,19.8333333333333,0.212525958373688,0.212486090099343,3.98682743446288e-05
Nx070_dt0p25h,70,0.25,1714500,19.84375,0.21258173977153,0.212541881972108,3.98577994228655e-05
Nx070_dt0p25h,70,0.25,1715400,19.8541666666667,0.212637506531259,0.21259765919856,3.9847332698878e-05
Nx070_dt0p25h,70,0.25,1716300,19.8645833333333,0.212693258664362,0.2126534217902,3.98368741618971e-05
Nx070_dt0p25h,70,0.25,1717200,19.875,0.212748996182312,0.212709169758511,3.98264238009038e-05
Nx070_dt0p25h,70,0.25,1718100,19.8854166666667,0.212804719096568,0.212764903114963,3.98159816050736e-05
Nx070_dt0p25h,70,0.25,1719000,19.8958333333333,0.212860427418573,0.212820621871009,3.98055475636649e-05
Nx070_dt0p25h,70,0.25,1719900,19.90625,0.212916121159754,0.212876326038088,3.97951216655201e-05
Nx070_dt0p25h,70,0.25,1720800,19.9166666666667,0.212971800331523,0.212932015627624,3.978470389987e-05
Nx070_dt0p25h,70,0.25,1721700,19.9270833333333,0.21302746494528,0.212987690651024,3.97742942560009e-05
Nx070_dt0p25h,70,0.25,1722600,19.9375,0.213083115012407,0.213043351119683,3.97638927231714e-05
Nx070_dt0p25h,70,0.25,1723500,19.9479166666667,0.21313875054427,0.21309899704498,3.97534992903903e-05
Nx070_dt0p25h,70,0.25,1724400,19.9583333333333,0.213194371552224,0.213154628438277,3.97431139469995e-05
Nx070_dt0p25h,70,0.25,1725300,19.96875,0.213249978047606,0.213210245310924,3.97327366825073e-05
Nx070_dt0p25h,70,0.25,1726200,19.9791666666667,0.213305570041739,0.213265847674253,3.97223674858671e-05
Nx070_dt0p25h,70,0.25,1727100,19.9895833333333,0.213361147545932,0.213321435539585,3.97120063464207e-05
Nx070_dt0p25h,70,0.25,1728000,20,0.213416710571477,0.213377008918223,3.97016532535377e-05
